1 0.359375 0.43819444444444444 0.373046875 0.4263888888888889 0.3828125 0.40902777777777777 0.39375 0.3701388888888889 0.38828125 0.33125 0.361328125 0.28888888888888886 0.333203125 0.30833333333333335 0.3234375 0.33125 0.3203125 0.3548611111111111 0.32265625 0.3909722222222222 0.3296875 0.41875 0.343359375 0.4375
1 0.44296875 0.4409722222222222 0.4578125 0.42569444444444443 0.4640625 0.3951388888888889 0.465625 0.36875 0.46015625 0.33541666666666664 0.451171875 0.3125 0.437109375 0.3 0.407421875 0.30694444444444446 0.39375 0.3506944444444444 0.39375 0.37430555555555556 0.4 0.3993055555555556 0.418359375 0.42916666666666664 0.430078125 0.4388888888888889
1 0.84609375 0.5243055555555556 0.861328125 0.5138888888888888 0.86875 0.49375 0.86953125 0.46041666666666664 0.86328125 0.43125 0.852734375 0.4111111111111111 0.840234375 0.4 0.825390625 0.3972222222222222 0.802734375 0.40555555555555556 0.79375 0.4201388888888889 0.7859375 0.44513888888888886 0.7859375 0.4673611111111111 0.7890625 0.4798611111111111 0.801953125 0.5041666666666667 0.814453125 0.5166666666666667 0.833984375 0.525
1 0.7703125 0.59375 0.780859375 0.5861111111111111 0.7890625 0.5715277777777777 0.79765625 0.5451388888888888 0.8 0.5243055555555556 0.79921875 0.5006944444444444 0.778515625 0.4638888888888889 0.771875 0.4673611111111111 0.771875 0.4840277777777778 0.775390625 0.49583333333333335 0.7921875 0.5118055555555555 0.7921875 0.5298611111111111 0.78828125 0.5423611111111111 0.777734375 0.5541666666666667 0.740625 0.5645833333333333 0.753515625 0.5875
1 0.7703125 0.4465277777777778 0.773046875 0.44583333333333336 0.779296875 0.44027777777777777 0.780859375 0.4375 0.781640625 0.4375 0.78828125 0.42569444444444443 0.78984375 0.4201388888888889 0.789453125 0.4111111111111111 0.787890625 0.4111111111111111 0.785546875 0.41388888888888886 0.783984375 0.41388888888888886 0.777734375 0.4222222222222222 0.768359375 0.4305555555555556 0.76484375 0.43680555555555556 0.76484375 0.43819444444444444 0.76328125 0.4395833333333333 0.76328125 0.4423611111111111 0.765234375 0.44583333333333336 0.766796875 0.44583333333333336 0.767578125 0.44722222222222224
1 0.0875 0.6993055555555555 0.08125 0.6770833333333334 0.070703125 0.6625 0.057421875 0.6652777777777777 0.04921875 0.6770833333333334 0.056640625 0.6888888888888889
1 0.07890625 0.7423611111111111 0.098828125 0.7361111111111112 0.1046875 0.7243055555555555 0.097265625 0.7138888888888889 0.072265625 0.7055555555555556 0.046484375 0.6875 0.04140625 0.6909722222222222 0.044921875 0.7027777777777777 0.071484375 0.7388888888888889
1 0.1390625 0.7090277777777778 0.14140625 0.70625 0.1390625 0.6951388888888889 0.130078125 0.6736111111111112 0.1140625 0.7048611111111112
1 0.13828125 0.7548611111111111 0.14921875 0.7395833333333334 0.14609375 0.7243055555555555 0.141796875 0.7194444444444444 0.122265625 0.7236111111111111 0.12890625 0.7451388888888889
0 0.3969341554415391 0.21394954720781542 0.39926693294859 0.20424997281585205 0.4029743823192479 0.1955129703659398 0.40684846103831546 0.18855296123555296 0.41026431739192726 0.18218530015866208 0.4148882210279769 0.17470700978357404 0.4184290505847059 0.1827036068238444 0.4155547288871343 0.1852950893087939 0.412930353595797 0.18877509387398736 0.4117223110805995 0.1906261540023075 0.4088479893830278 0.19573509453088045 0.40634858252756745 0.20062189394752522 0.40401580502051654 0.20558274322597722 0.4021829012569733 0.21024741847768139 0.4013497688166467 0.2149861520646865
1 0.1578125 0.64375 0.159375 0.6395833333333333 0.159375 0.6215277777777778 0.157421875 0.6166666666666667 0.155859375 0.6166666666666667 0.155078125 0.6180555555555556 0.153125 0.61875 0.15234375 0.6215277777777778 0.15234375 0.6284722222222222 0.153125 0.6298611111111111 0.153125 0.6354166666666666 0.15625 0.6409722222222223 0.15625 0.6423611111111112 0.157421875 0.6444444444444445
1 0.14609375 0.6618055555555555 0.146875 0.6604166666666667 0.146875 0.6395833333333333 0.14609375 0.6381944444444444 0.14609375 0.6326388888888889 0.14375 0.6243055555555556 0.141796875 0.6194444444444445 0.138671875 0.6166666666666667 0.133203125 0.6166666666666667 0.13203125 0.61875 0.13203125 0.6270833333333333 0.1328125 0.6284722222222222 0.1328125 0.6326388888888889 0.1390625 0.65625 0.141796875 0.6611111111111111 0.144140625 0.6611111111111111 0.144921875 0.6625
1 0.1673916570318711 0.7220525830260383 0.16856353203187108 0.7199692496927048 0.1693447820318711 0.7199692496927048 0.17051665703187108 0.7178859163593715 0.17051665703187108 0.7164970274704826 0.1697354070318711 0.7151081385815937 0.1688896303288502 0.7123343814895375 0.16753528020046177 0.7083225343149699 0.16614620204516056 0.7040637964132951 0.16437512513186553 0.6948673965385852 0.16229151028342537 0.6886953148342609 0.16075103203187108 0.6866359163593715 0.15913135521482916 0.6856709966638755 0.157013007570453 0.6858561647092062 0.15528228203187108 0.6866359163593715 0.1556729070318711 0.6956636941371492 0.1556729070318711 0.698441471914927 0.15723540703187108 0.7012192496927048 0.1580166570318711 0.7067748052482603 0.1619229070318711 0.7206636941371494 0.16309478203187108 0.7227470274704827