1 0.428125 0.48680555555555555 0.440234375 0.47638888888888886 0.45 0.4534722222222222 0.446875 0.42291666666666666 0.437890625 0.4097222222222222 0.419140625 0.4125 0.409375 0.43680555555555556 0.41015625 0.47152777777777777 0.417578125 0.4861111111111111
1 0.47578125 0.4756944444444444 0.4875 0.45625 0.4875 0.4173611111111111 0.478515625 0.3972222222222222 0.463671875 0.39305555555555555 0.45 0.41041666666666665 0.446875 0.42291666666666666 0.44765625 0.4423611111111111 0.458203125 0.46944444444444444 0.466796875 0.47638888888888886
1 0.2203125 0.5493055555555556 0.241015625 0.5375 0.246875 0.5284722222222222 0.245703125 0.5194444444444445 0.234375 0.5104166666666666 0.23359375 0.49930555555555556 0.240625 0.48819444444444443 0.235546875 0.47638888888888886 0.216015625 0.48194444444444445 0.20625 0.5020833333333333 0.2046875 0.5243055555555556 0.2078125 0.5395833333333333 0.214453125 0.5486111111111112
1 0.2625 0.6090277777777777 0.266796875 0.6069444444444444 0.271875 0.5979166666666667 0.27578125 0.58125 0.27578125 0.5673611111111111 0.2765625 0.5659722222222222 0.267578125 0.5597222222222222 0.258984375 0.5583333333333333 0.251171875 0.5486111111111112 0.248828125 0.5486111111111112 0.247265625 0.5430555555555555 0.24609375 0.5493055555555556 0.243359375 0.5541666666666667 0.2390625 0.5576388888888889 0.23671875 0.5645833333333333 0.23671875 0.5729166666666666 0.24296875 0.5923611111111111 0.251171875 0.6055555555555555 0.257421875 0.6097222222222223
1 0.2359375 0.56875 0.23671875 0.5673611111111111 0.2375 0.5604166666666667 0.239453125 0.5555555555555556 0.240234375 0.5555555555555556 0.243359375 0.55 0.24765625 0.5493055555555556 0.24765625 0.5409722222222222 0.245703125 0.5361111111111111 0.244140625 0.5361111111111111 0.243359375 0.5347222222222222 0.238671875 0.5388888888888889 0.235546875 0.5388888888888889 0.232421875 0.5416666666666666 0.227734375 0.5430555555555555 0.2265625 0.5451388888888888 0.2265625 0.5534722222222223 0.22734375 0.55625 0.23125 0.5631944444444444 0.231640625 0.5652777777777778 0.232421875 0.5652777777777778 0.235546875 0.5694444444444444
1 0.7984375 0.6020833333333333 0.808203125 0.5944444444444444 0.8171875 0.5729166666666666 0.81796875 0.5354166666666667 0.81328125 0.5131944444444444 0.802734375 0.49444444444444446 0.792578125 0.4861111111111111 0.771484375 0.48055555555555557 0.759765625 0.4888888888888889 0.74765625 0.5270833333333333 0.7515625 0.5715277777777777 0.771484375 0.5930555555555556 0.789453125 0.6027777777777777
1 0.76328125 0.6256944444444444 0.76953125 0.6131944444444445 0.7703125 0.59375 0.759765625 0.5819444444444445 0.748046875 0.5805555555555556 0.7453125 0.5854166666666667 0.746875 0.5923611111111111
1 0.73359375 0.69375 0.744921875 0.6847222222222222 0.75625 0.6659722222222222 0.76171875 0.6479166666666667 0.7625 0.6270833333333333 0.75859375 0.6090277777777777 0.746484375 0.5875 0.729296875 0.5777777777777777 0.712109375 0.5888888888888889 0.70546875 0.6006944444444444 0.70078125 0.6409722222222223 0.70703125 0.6715277777777777 0.715234375 0.6875 0.724609375 0.6944444444444444
0 0.7142605639382189 0.409021828911203 0.7177332617109834 0.40840462328358906 0.7218657729189975 0.40908355583101064 0.7266233647663249 0.41260163426545626 0.7302002418508046 0.4148853056827049 0.7336729396235692 0.42124254695629804 0.7357380288891658 0.42742850431726054 0.737997200969307 0.4392629783964594 0.7401969273833988 0.4495124940103397 0.7357974827197071 0.45194279122783954 0.7338950172938298 0.4437009143385308 0.7315763832186555 0.43397973997941475 0.7299117331149432 0.4272171678153549 0.7269985770633399 0.4210885979015706 0.7223519509887063 0.4181565061041359 0.7183185872325473 0.41791865194916716 0.7146078346693001 0.4181565061041359
0 0.43539930522441866 0.34515432092878556 0.43710087388985946 0.3450086100648525 0.43974012286183395 0.3471688403565784 0.4427960938496919 0.35130413289469964 0.44526171222514915 0.3566121182443028 0.4463729757031948 0.35975988177824186 0.4474495063853044 0.36321625024500326 0.4444629914512719 0.3654999131861902 0.4443588073705336 0.3610560157152465 0.4425182791724363 0.35704416854067894 0.44099029367850734 0.3546987744416534 0.4396359435501189 0.35364952275569433 0.4383857727334455 0.3513658513384456 0.4370661458629466 0.3508720868363545 0.43512143358411104 0.3510572506436541 0.43480889087994273 0.3454406561231977
0 0.25782118022441863 0.4293209875954522 0.2567540302004618 0.4310744076992101 0.2552607727334455 0.43372839825499626 0.25390641783603385 0.43675272066341253 0.25303824577735434 0.44014736221036627 0.2519617103262215 0.44533191067247746 0.251197717579257 0.4502078542017663 0.250364268778467 0.4547134743544868 0.2529340664656393 0.45588617140399956 0.2535591471049528 0.4495289216543447 0.2541495092553999 0.4443443774302643 0.25498295328716675 0.43996219840306655 0.25612894479212506 0.43625895192329045 0.257656930286054 0.4339135620622959 0.2586292864254719 0.4328643103763368 0.2593932791724364 0.43243226431799164