1 0.50625 0.6340277777777777 0.515234375 0.6291666666666667 0.52265625 0.6159722222222223 0.528125 0.5909722222222222 0.528125 0.5618055555555556 0.52421875 0.5423611111111111 0.516796875 0.5291666666666667 0.502734375 0.5180555555555556 0.491015625 0.5194444444444445 0.475 0.5409722222222222 0.4703125 0.5645833333333333 0.47109375 0.5868055555555556 0.478515625 0.6125 0.495703125 0.6319444444444444
1 0.47578125 0.6770833333333334 0.4890625 0.6618055555555555 0.49609375 0.6354166666666666 0.494140625 0.6277777777777778 0.4765625 0.6076388888888888 0.47109375 0.5881944444444445 0.4703125 0.5673611111111111 0.465234375 0.5652777777777778 0.45390625 0.58125 0.45234375 0.6256944444444444 0.45859375 0.6631944444444444 0.467578125 0.6763888888888889
1 0.47578125 0.5326388888888889 0.48671875 0.5159722222222223 0.477734375 0.5055555555555555 0.467578125 0.5069444444444444 0.46796875 0.5256944444444445
1 0.521875 0.5340277777777778 0.52109375 0.5118055555555555 0.5140625 0.48680555555555555 0.505078125 0.4722222222222222 0.498828125 0.4708333333333333 0.48984375 0.5034722222222222 0.490625 0.5159722222222223 0.505859375 0.5180555555555556
1 0.209375 0.6340277777777777 0.2203125 0.6159722222222223 0.21171875 0.59375 0.21015625 0.5701388888888889 0.2125 0.5659722222222222 0.195703125 0.5708333333333333 0.189453125 0.5625 0.180859375 0.5652777777777778 0.17578125 0.5826388888888889 0.1796875 0.6090277777777777 0.194921875 0.6319444444444444
1 0.24921875 0.55625 0.25078125 0.5506944444444445 0.24663587035815754 0.5451500154662544 0.2402426731967117 0.5465027243490371 0.240234375 0.5513888888888889
1 0.2328125 0.61875 0.246875 0.6131944444444445 0.225390625 0.5861111111111111 0.216015625 0.5611111111111111 0.208203125 0.5652777777777778 0.21484375 0.6048611111111111 0.221484375 0.6152777777777778
1 0.1890625 0.7479166666666667 0.190234375 0.7472222222222222 0.190625 0.7451388888888889 0.19296875 0.7409722222222223 0.19296875 0.7381944444444445 0.19375 0.7368055555555556 0.19375 0.7256944444444444 0.1921875 0.7229166666666667 0.1921875 0.7201388888888889 0.187890625 0.7125 0.183984375 0.7097222222222223 0.1828125 0.7118055555555556 0.1828125 0.7145833333333333 0.18203125 0.7159722222222222 0.18203125 0.7215277777777778 0.18359375 0.7256944444444444 0.18359375 0.7284722222222222 0.18515625 0.73125 0.1859375 0.7451388888888889 0.187890625 0.7486111111111111
1 0.178125 0.7729166666666667 0.184375 0.7631944444444444 0.18515625 0.7534722222222222 0.18359375 0.7465277777777778 0.1828125 0.7326388888888888 0.18046875 0.7298611111111111 0.18046875 0.7256944444444444 0.178125 0.71875 0.1765625 0.7076388888888889 0.173046875 0.7041666666666667 0.1609375 0.7229166666666667 0.1578125 0.7340277777777777 0.15703125 0.7451388888888889 0.159375 0.75625 0.166796875 0.7708333333333334 0.169921875 0.7736111111111111
1 0.225 0.7479166666666667 0.228125 0.7465277777777778 0.228125 0.7229166666666667 0.22734375 0.7215277777777778 0.22734375 0.71875 0.226171875 0.7180555555555556 0.223828125 0.7138888888888889 0.222265625 0.7138888888888889 0.221484375 0.7125 0.215234375 0.7125 0.21328125 0.7173611111111111 0.21328125 0.7256944444444444 0.2140625 0.7270833333333333 0.2140625 0.7326388888888888 0.217578125 0.7402777777777778 0.220703125 0.7430555555555556 0.223828125 0.7486111111111111
1 0.20390625 0.7576388888888889 0.20546875 0.7548611111111111 0.20546875 0.7534722222222222 0.208203125 0.7486111111111111 0.209375 0.7479166666666667 0.21015625 0.7451388888888889 0.21015625 0.7368055555555556 0.209375 0.7354166666666667 0.20859375 0.7256944444444444 0.20703125 0.7215277777777778 0.20703125 0.7131944444444445 0.204296875 0.7083333333333334 0.201953125 0.7083333333333334 0.2 0.7104166666666667 0.19921875 0.7173611111111111 0.19453125 0.7256944444444444 0.19375 0.7284722222222222 0.19375 0.7423611111111111 0.19609375 0.7506944444444444 0.200390625 0.7583333333333333
0 0.19598207194465697 0.47826205739891064 0.19543159515188785 0.4884219713723941 0.1950081599640755 0.49519525768991535 0.19539087824437057 0.5001454478031134 0.19911552257277773 0.5016674899972909 0.19936958833751278 0.4927117093827986 0.20000474402676102 0.4839064506057797 0.20000474402676102 0.479541456844238
0 0.4436024302244187 0.4136265431510077 0.4463968521023241 0.4146394532450043 0.4488971937356709 0.416984838867968 0.4513280793151921 0.4201943250836838 0.45313388425539997 0.424391336065551 0.4541409636527073 0.4264898394374692 0.45080717798759373 0.43161266945583443 0.4495570071709204 0.42834146479637264 0.4479595656231659 0.42556402887703293 0.4451814093125635 0.42395929000720584 0.44285469827573404 0.42321863901603823