1 0.48125 0.4215277777777778 0.491015625 0.4166666666666667 0.498828125 0.40555555555555556 0.50546875 0.3840277777777778 0.5 0.3506944444444444 0.494140625 0.34305555555555556 0.475390625 0.34444444444444444 0.4640625 0.36736111111111114 0.4625 0.3840277777777778 0.46640625 0.4173611111111111 0.470703125 0.4222222222222222
1 0.46328125 0.43125 0.47109375 0.42430555555555555 0.4640625 0.40347222222222223 0.46328125 0.3715277777777778 0.455859375 0.36527777777777776 0.446875 0.3784722222222222 0.44453125 0.4048611111111111 0.452734375 0.42777777777777776
1 0.49921875 0.4701388888888889 0.50703125 0.46319444444444446 0.51484375 0.4354166666666667 0.51171875 0.4131944444444444 0.503515625 0.4013888888888889 0.487109375 0.41944444444444445 0.4765625 0.42430555555555555 0.47734375 0.44375 0.48515625 0.46458333333333335 0.490234375 0.4708333333333333
1 0.64765625 0.33958333333333335 0.651953125 0.33611111111111114 0.6546875 0.3284722222222222 0.656640625 0.3263888888888889 0.658984375 0.325 0.669140625 0.325 0.68984375 0.3145833333333333 0.684765625 0.3055555555555556 0.678515625 0.3055555555555556 0.675390625 0.30833333333333335 0.658984375 0.3055555555555556 0.6546875 0.31180555555555556 0.65390625 0.3159722222222222 0.646875 0.3298611111111111 0.646875 0.3326388888888889 0.6453125 0.33541666666666664
1 0.66484375 0.37430555555555556 0.670703125 0.37222222222222223 0.671484375 0.37083333333333335 0.682421875 0.37083333333333335 0.683984375 0.36944444444444446 0.68828125 0.36319444444444443 0.690625 0.3548611111111111 0.690625 0.3506944444444444 0.69140625 0.34930555555555554 0.690625 0.3451388888888889 0.687890625 0.3416666666666667 0.683203125 0.3402777777777778 0.677734375 0.3347222222222222 0.674609375 0.3333333333333333 0.67265625 0.3368055555555556 0.66875 0.35208333333333336 0.659375 0.3701388888888889 0.659375 0.3715277777777778 0.662109375 0.375
1 0.9109375 0.5923611111111111 0.922265625 0.5861111111111111 0.9359375 0.5659722222222222 0.934375 0.5423611111111111 0.926953125 0.5277777777777778 0.908203125 0.525 0.894140625 0.5305555555555556 0.88828125 0.5451388888888888 0.88828125 0.5659722222222222 0.8921875 0.5826388888888889 0.902734375 0.5930555555555556
1 0.96171875 0.5479166666666667 0.978515625 0.5388888888888889 0.98671875 0.5173611111111112 0.98515625 0.4909722222222222 0.973046875 0.4736111111111111 0.961328125 0.475 0.945703125 0.4930555555555556 0.93359375 0.49930555555555556 0.933984375 0.5138888888888888 0.952734375 0.5166666666666667 0.95546875 0.5215277777777778 0.952734375 0.5277777777777778 0.943359375 0.5291666666666667 0.944921875 0.5388888888888889
1 0.88671875 0.5479166666666667 0.893359375 0.5305555555555556 0.886328125 0.5319444444444444 0.87890625 0.54375
1 0.87578125 0.5381944444444444 0.886328125 0.5180555555555556 0.919921875 0.5111111111111111 0.9203125 0.5020833333333333 0.906640625 0.4875 0.900390625 0.5027777777777778 0.894921875 0.5069444444444444 0.874609375 0.5111111111111111 0.87265625 0.5270833333333333
0 0.4922743052244186 0.2852932098176745 0.49010225941252317 0.28902210239795334 0.4890257191923671 0.294021487052765 0.48815754713368753 0.2988357121383079 0.48669901292456086 0.30636564622338286 0.48617811159696245 0.3136487022954431 0.4892340873538436 0.31346354272617444 0.48940772271938415 0.30735318370362685 0.4909704362402259 0.3015514253758708 0.49235951439552705 0.2959965535371913 0.49371385975489235 0.2927870715595063 0.49534602932955957 0.2901330767656893
0 0.9307118052244187 0.4044598764843411 0.9324912426648494 0.40999452973523837 0.932769057342105 0.41548768736820285 0.932769057342105 0.4221535293365875 0.9329774255035815 0.42832560680288095 0.9330468720193604 0.4329546680811243 0.9289838216341952 0.43369531483426094 0.9289838216341952 0.427770119619013 0.9289143655803697 0.4217832017219883 0.9289490888382591 0.417092421999999 0.928879637553457 0.41147583171757346 0.9281156495755155 0.40869839579823375