1 0.353125 0.7145833333333333 0.366796875 0.7055555555555556 0.37578125 0.6895833333333333 0.38125 0.6715277777777777 0.3828125 0.6354166666666666 0.355078125 0.6291666666666667 0.355078125 0.6166666666666667 0.333984375 0.6055555555555555 0.325 0.6173611111111111 0.321875 0.6284722222222222 0.32109375 0.6701388888888888 0.333203125 0.7055555555555556 0.343359375 0.7138888888888889
1 0.42890625 0.7201388888888889 0.44375 0.7048611111111112 0.44921875 0.6798611111111111 0.44921875 0.6645833333333333 0.44609375 0.64375 0.4359375 0.6145833333333334 0.416015625 0.5944444444444444 0.40546875 0.60625 0.400390625 0.6263888888888889 0.388671875 0.6277777777777778 0.38203125 0.6354166666666666 0.38125 0.6701388888888888 0.38515625 0.6840277777777778 0.401171875 0.7097222222222223 0.417578125 0.7208333333333333
1 0.8890625 0.8631944444444445 0.898046875 0.8611111111111112 0.906640625 0.8513888888888889 0.9171875 0.81875 0.91796875 0.7854166666666667 0.90859375 0.7354166666666667 0.888671875 0.7041666666666667 0.859765625 0.6861111111111111 0.829296875 0.6986111111111111 0.8203125 0.7118055555555556 0.81640625 0.7395833333333334 0.81640625 0.7631944444444444 0.8234375 0.7895833333333333 0.839453125 0.8208333333333333 0.862109375 0.85
1 0.79453125 0.8868055555555555 0.804296875 0.8791666666666667 0.8171875 0.8576388888888888 0.8265625 0.81875 0.82578125 0.7993055555555556 0.81484375 0.7604166666666666 0.798828125 0.7375 0.7796875 0.7534722222222222 0.78515625 0.7756944444444445 0.78515625 0.79375 0.78046875 0.8131944444444444 0.793359375 0.8305555555555556 0.80078125 0.8493055555555555 0.79921875 0.8659722222222223 0.78984375 0.8854166666666666
1 0.796875 0.7076388888888889 0.826953125 0.6847222222222222 0.8296875 0.6756944444444445 0.82578125 0.6618055555555555 0.819921875 0.6597222222222222 0.793359375 0.6805555555555556 0.790625 0.7020833333333333 0.792578125 0.7083333333333334
1 0.24453125 0.8479166666666667 0.24453125 0.83125 0.235546875 0.7972222222222223 0.23359375 0.8243055555555555 0.23828125 0.8409722222222222
1 0.25625 0.8451388888888889 0.27265625 0.8201388888888889 0.26875 0.7798611111111111 0.257421875 0.7694444444444445 0.244140625 0.7736111111111111 0.24140625 0.7868055555555555 0.25078125 0.84375
1 0.21640625 0.8451388888888889 0.21953125 0.8368055555555556 0.21484375 0.8270833333333333 0.2109375 0.7951388888888888 0.207421875 0.7916666666666666 0.20546875 0.7951388888888888 0.2078125 0.8326388888888889 0.212109375 0.8458333333333333
1 0.225 0.8243055555555555 0.2296875 0.8145833333333333 0.2296875 0.7798611111111111 0.216015625 0.7569444444444444 0.208203125 0.7513888888888889 0.20625 0.7659722222222223 0.2171875 0.8090277777777778
1 0.23671875 0.7534722222222222 0.239453125 0.7527777777777778 0.24296875 0.7451388888888889 0.24453125 0.7395833333333334 0.246875 0.7354166666666667 0.246875 0.7340277777777777 0.2484375 0.7326388888888888 0.24765625 0.73125 0.246875 0.7229166666666667 0.245703125 0.7208333333333333 0.243359375 0.7194444444444444 0.241796875 0.7152777777777778 0.240234375 0.7138888888888889 0.231640625 0.7138888888888889 0.2296875 0.71875 0.23046875 0.7201388888888889 0.23125 0.7326388888888888 0.2328125 0.7368055555555556 0.23359375 0.74375 0.23515625 0.7479166666666667 0.23515625 0.7520833333333333 0.236328125 0.7541666666666667
1 0.259375 0.7590277777777777 0.259375 0.7576388888888889 0.26328125 0.7506944444444444 0.26640625 0.7395833333333334 0.26640625 0.7354166666666667 0.2671875 0.7340277777777777 0.266796875 0.7166666666666667 0.261328125 0.7166666666666667 0.260546875 0.7180555555555556 0.258203125 0.7180555555555556 0.25625 0.7215277777777778 0.25546875 0.7256944444444444 0.253125 0.7298611111111111 0.253125 0.7326388888888888 0.2515625 0.7368055555555556 0.2515625 0.7395833333333334 0.24765625 0.7534722222222222 0.249609375 0.7569444444444444 0.251171875 0.7569444444444444 0.254296875 0.7597222222222222
0 0.38969618022441865 0.4801543209287855 0.3856061597120961 0.48078350679544457 0.38321000215948764 0.48356094271478434 0.3816125606117331 0.48837516356229643 0.37879968104324124 0.49467068639214345 0.3758131565711623 0.5036201997777768 0.37400735639997773 0.5117056252847506 0.3732086356261005 0.5215192350251052 0.3784524909514736 0.5241093918528607 0.3790775763598103 0.5206881537194317 0.380536110568937 0.5142074713203157 0.3821335521166915 0.5102222122561617 0.38553679383563055 0.5022602236366799 0.3885927695925117 0.49818665378033544 0.39133619787620133 0.4964584695469547 0.3928989113970431 0.4964584695469547 0.3931419980473859 0.48108999220595144