1 0.60703125 0.4423611111111111 0.616015625 0.4375 0.62578125 0.4173611111111111 0.6296875 0.3993055555555556 0.63046875 0.36875 0.62734375 0.34791666666666665 0.617578125 0.32916666666666666 0.599609375 0.31527777777777777 0.575 0.3326388888888889 0.56953125 0.35625 0.56875 0.3770833333333333 0.5734375 0.40069444444444446 0.585546875 0.4263888888888889 0.598046875 0.44027777777777777
1 0.55390625 0.46875 0.56484375 0.4534722222222222 0.575 0.41458333333333336 0.56796875 0.3701388888888889 0.561328125 0.3625 0.554296875 0.3638888888888889 0.54296875 0.3770833333333333 0.5453125 0.3993055555555556 0.54140625 0.4215277777777778 0.55234375 0.4423611111111111 0.553125 0.4534722222222222 0.54921875 0.46875
1 0.15390625 0.42291666666666666 0.169140625 0.4111111111111111 0.178125 0.3909722222222222 0.18046875 0.3798611111111111 0.1796875 0.34097222222222223 0.148046875 0.3472222222222222 0.14453125 0.3423611111111111 0.146875 0.33541666666666664 0.141796875 0.3277777777777778 0.106640625 0.32222222222222224 0.10234375 0.35625 0.11171875 0.38958333333333334 0.131640625 0.41805555555555557
1 0.2328125 0.41180555555555554 0.245703125 0.4041666666666667 0.2546875 0.3840277777777778 0.2546875 0.3715277777777778 0.24765625 0.35347222222222224 0.24609375 0.33541666666666664 0.235546875 0.3194444444444444 0.223046875 0.31666666666666665 0.204296875 0.3 0.1984375 0.3076388888888889 0.198046875 0.32916666666666666 0.192578125 0.3347222222222222 0.181640625 0.3347222222222222 0.178125 0.3423611111111111 0.18046875 0.37430555555555556 0.201171875 0.4027777777777778 0.216796875 0.4111111111111111
1 0.04921875 0.5604166666666667 0.04921875 0.5548611111111111 0.026953125 0.5180555555555556 0.02578125 0.5256944444444445 0.03203125 0.5506944444444445
1 0.06015625 0.5590277777777778 0.0765625 0.53125 0.0671875 0.49236111111111114 0.051953125 0.48194444444444445 0.030078125 0.49166666666666664 0.028125 0.5020833333333333 0.0328125 0.5145833333333333
1 0.0046875 0.5743055555555555 0.00703125 0.5645833333333333 0.000390625 0.5527777777777778 0 0.5673611111111111
1 0.01640625 0.5534722222222223 0.0203125 0.5395833333333333 0.0203125 0.5243055555555556 0.012109375 0.5041666666666667 0.000390625 0.49444444444444446 0 0.5381944444444444 0.011328125 0.5527777777777778
1 0.04140625 0.47152777777777777 0.05 0.4534722222222222 0.047265625 0.42777777777777776 0.037109375 0.43194444444444446 0.03359375 0.4423611111111111 0.03203125 0.46597222222222223 0.033984375 0.4708333333333333
1 0.01796875 0.4756944444444444 0.02890625 0.43819444444444444 0.02890625 0.4326388888888889 0.020703125 0.4222222222222222 0.012109375 0.425 0.011328125 0.4361111111111111 0 0.43819444444444444 0.00078125 0.45625
0 0.15203782823030915 0.22639503757298793 0.1531838149662443 0.21861821699883646 0.15495489187953937 0.21040935036633993 0.15630924200792778 0.20324973965783324 0.15950412510343676 0.19652217076964093 0.16158774472090015 0.19386817597582393 0.15460762114845825 0.18300531878754123 0.152176735568937 0.19053525287261616 0.1501625767743223 0.19750970824988492 0.1478705889953824 0.20503964233495992 0.14644678281316847 0.21219925304346654 0.14606478882419782 0.2186799396806133 0.14592588148557 0.22448170224640024