0 0.3347748894777702 0.5873989625614154 0.3359864944906697 0.5921555579559029 0.3344235235766289 0.593769785012615 0.33306429483545413 0.5954059016094738 0.33181841389210365 0.597454238994965 0.3309544823970328 0.5999905233872391 0.33028152638930147 0.6025268091352677 0.3295540046482734 0.6057254338003203 0.32922512293960393 0.609029052087936 0.32908656834495786 0.6130649241440447 0.3263401762911365 0.6130649241440447 0.3263583641057022 0.6092072633185553 0.32645839975701324 0.6064932761249263 0.3267064581394787 0.603717548401581 0.32813421722848674 0.5989034528447416 0.32783411485375263 0.596108693869004 0.3275703896345496 0.5954786612244655 0.33012580696423116 0.5911492085620674 0.3303531565543027 0.5908455766485858 0.33084423288997683 0.5916210003989761 0.3314171562991963 0.5908778856325803 0.3324902488065732 0.589084716006702 0.33382706958595226 0.5879700445349852
0 0.7257486269660479 0.6607575940981476 0.7251340857576549 0.6552177440113257 0.7248521719606863 0.6501128662427831 0.7246692642868363 0.6457929518556219 0.7241115086671099 0.6431073557309055 0.7233629409418388 0.6399002864150635 0.7227024401526946 0.6378665361556445 0.7215575724466604 0.635911005124338 0.7207209402488798 0.6343465811745709 0.7188455182810652 0.6407934716206861 0.7199546268416953 0.6416159944420561 0.7209345202923285 0.6432610416901196 0.721677514856181 0.6455947133302719 0.7222266858513475 0.6486513502788775 0.7231850407392426 0.6598223680166159 0.723346562789656 0.6611956980417624
1 0.7484625659779597 0.7568714422227933 0.7533375659779596 0.7522047755561266 0.7577125659779597 0.7413158866672378 0.7589625659779596 0.7306492200005711 0.7589625659779596 0.7186492200005711 0.7579625659779596 0.71153810888946 0.7554625659779597 0.7044269977783488 0.7478375659779597 0.6944269977783489 0.7447125659779597 0.6977603311116822 0.7425875659779597 0.7050936644450155 0.7320875659779597 0.7050936644450155 0.7260875659779596 0.7090936644450155 0.7249625659779597 0.7124269977783488 0.7247125659779596 0.7266492200005711 0.7282125659779597 0.7413158866672378 0.7340875659779597 0.7504269977783489 0.7400875659779597 0.7553158866672378
1 0.7054937449590982 0.7877284763389428 0.7096187449590982 0.7870618096722761 0.7166187449590982 0.7817284763389428 0.7239937449590982 0.7672840318944983 0.7249937449590982 0.7575062541167206 0.7228687449590981 0.7537284763389428 0.7056187449590982 0.7430618096722762 0.6958687449590982 0.7417284763389428 0.6934937449590982 0.7446173652278317 0.6924937449590982 0.7526173652278317 0.6922437449590982 0.7601729207833873 0.6937437449590982 0.7721729207833873 0.6962437449590982 0.7801729207833873 0.6993687449590982 0.7852840318944984
1 0.714 0.6926666666666667 0.71475 0.6864444444444444 0.713625 0.6822222222222222 0.709375 0.6808888888888889 0.7035 0.6833333333333333 0.705375 0.6875555555555556
1 0.7023135086544435 0.7339946576367529 0.7088621894591371 0.7289505548710304 0.7065635086544436 0.725105768747864 0.7003135086544435 0.7139946576367528 0.6963141418797034 0.7061476713427802 0.6941568914712085 0.7030817402158747 0.6931501649582197 0.7104910871737828 0.6932939804451578 0.7196250049791724 0.6949119242863361 0.7269704763617537 0.6981478119686926 0.7313777570471073
1 0.32283922204187615 0.7159844613265033 0.32846422204187614 0.7126511279931699 0.3397142220418762 0.69665112799317 0.34158922204187614 0.6919844613265033 0.34308922204187614 0.6830955724376143 0.34058922204187614 0.66665112799317 0.33646422204187615 0.6588733502153922 0.32896100731468175 0.6551598073167942 0.31818488384597116 0.6536469097651941 0.31227275301912233 0.6613218409847198 0.31119186515452196 0.6651622874116695 0.3108643243769485 0.6661223962715064 0.30893182664228114 0.6769745649607414 0.3084732679043743 0.68343349486873 0.30844051547592094 0.6916321281561798 0.3089645818195744 0.6971600443740829 0.3105491991391027 0.7043469537652718 0.31371422204187616 0.7122066835487255 0.31771422204187616 0.715762239104281
1 0.3423648081920358 0.7276746481461672 0.3499898081920358 0.7252302037017229 0.3543648081920358 0.7183413148128339 0.3581148081920358 0.7050079814795006 0.3579898081920358 0.6905635370350561 0.3502398081920358 0.6883413148128339 0.3457398081920358 0.6847857592572784 0.3437398081920358 0.6856746481461673 0.3413648081920358 0.6925635370350561 0.3362398081920358 0.7016746481461673 0.3288648081920358 0.7116746481461673 0.3306148081920358 0.7183413148128339 0.3342398081920358 0.7234524259239451 0.33848980819203583 0.7270079814795006
1 0.3077332402559903 0.697268233849305 0.30900943418549565 0.697901407742884 0.30853494477923005 0.6927817425892424 0.30828494477923 0.6812261870336869 0.30878494477923 0.6758928537003536 0.31078494477923 0.6692261870336869 0.31053494477923005 0.6625595203670203 0.30303494477923004 0.6550039648114646 0.31165994477923004 0.6494484092559091 0.31253494477923005 0.6478928537003535 0.3120936483202577 0.6422368929959825 0.30734976622013577 0.6443561147232799 0.3027445983436569 0.6494816821372206 0.3008858812954661 0.6517487613044955 0.2990271665754765 0.6561843480123938 0.29653494477923004 0.6687817425892424 0.29703494477923004 0.676337298144798 0.29928494477923007 0.6865595203670202 0.30240994477923006 0.6925595203670202 0.30640994477923006 0.6965595203670202
1 0.5184993966468862 0.5873811775663274 0.5241243966468861 0.5849367331218829 0.5282493966468861 0.5789367331218829 0.5299993966468861 0.5749367331218829 0.5322493966468861 0.5598256220107718 0.5319993966468861 0.5509367331218828 0.5297493966468861 0.5424922886774384 0.5252047457469506 0.5335315742798524 0.5219349152909 0.5310701660095108 0.5191243966468861 0.5302700664552162 0.5161243966468861 0.536047844232994 0.5071243966468861 0.5444922886774384 0.5067493966468861 0.5473811775663273 0.5067493966468861 0.5513811775663273 0.5086243966468861 0.5524922886774384 0.5109993966468861 0.5584922886774384 0.5109993966468861 0.5660478442329939 0.5092493966468861 0.5722700664552162 0.5087493966468861 0.5793811775663273 0.5136772123614285 0.5847188154372404
1 0.48715342830537217 0.566500208794801 0.4936723012447702 0.562348548780037 0.4973929771175491 0.5560664438375013 0.5012058988064709 0.5524064327182676 0.50075 0.5508888888888889 0.50025 0.5491111111111111 0.496875 0.5466666666666666 0.494125 0.5471111111111111 0.490875 0.5502222222222222 0.48475 0.5637777777777778 0.48475497773205634 0.5680297566483393
1 0.48744050836771413 0.600476782112114 0.4953327672248037 0.5976264172892036 0.49794646233677187 0.5954959631924701 0.5008155083677142 0.5940323376676695 0.5008061600549414 0.5895416165394866 0.49594050836771414 0.588476782112114 0.4819405083677141 0.5893656710010028 0.48081550836771414 0.5922545598898917 0.4815655083677141 0.5980323376676695 0.4830637640068391 0.6009040276916103