0 0.5969039160298707 0.37226670392617217 0.5925705369211417 0.37495918064349687 0.5922590254253278 0.36868006458648067 0.5908053080163094 0.3601163610501263 0.5894554306773421 0.3554070220699943 0.5881123375767991 0.3441005702988905 0.587286077118117 0.33936008168120596 0.5858201322253846 0.335757311883332 0.5852337542682918 0.33371890185729514 0.5833413530861927 0.33262859035047027 0.5799830092482157 0.3312784079816429 0.5803828111806768 0.3237884344539187 0.5827016686521426 0.32473653297313065 0.5848072979789251 0.3266801323515713 0.5869129295425619 0.3287659467068125 0.588298913601431 0.3292751222417141 0.5881656440537564 0.33169277087976073 0.5890452132262501 0.33368377657659326 0.5902712756173932 0.3367054094079502 0.5906177710728969 0.34059260816483145 0.5912574555069471 0.34433759393409974 0.5917905269870828 0.3497768754035033 0.5922969441103125 0.3544576806434811 0.5932031654028579 0.35848709537175666 0.5939494650276769 0.3613313869510173 0.595255488252683 0.36795579057484196 0.5956019837081867 0.3707526798140859
0 0.21417001950334055 0.3007207623872617 0.2125079363439893 0.30080179631518167 0.2110537149212702 0.30188809174642 0.20968674697918316 0.30342654327611823 0.20831978147795777 0.3061681478916688 0.20750541484510449 0.30911665910078573 0.20660379717248079 0.3139657246578942 0.20631295386428164 0.3177936203634693 0.20610936403671454 0.32134947955455906 0.20261861095238368 0.32078365373263773 0.20309365201721738 0.31725498905143 0.2037084135253741 0.31269550670353286 0.20415551237764645 0.3095147397444785 0.20535709318139855 0.30510435731413593 0.2064748403120794 0.3027187794880027 0.2079838018699099 0.29998530811066404 0.20966042373849567 0.2977120036438638 0.21128115883682969 0.29646951580101594 0.21262245539364674 0.295972520246782 0.21429907960736158 0.29627071799641713
0 0.38357512616974726 0.2531649464990184 0.38244233480140194 0.2500891118173325 0.3809973370047846 0.2474696746682452 0.37946897372642985 0.24519620510310722 0.3782462854358434 0.24316984724151922 0.37593984355057497 0.2411929131723607 0.37446705881477665 0.24030329424111183 0.3725774443381947 0.23971021391667 0.37029879405630167 0.24005617735284918 0.36985417970843437 0.2351632685647388 0.37152148467898544 0.23447134272932296 0.3729109062651437 0.23333460483592636 0.37382792423215655 0.2329392196812027 0.37635667095926134 0.23328518208043938 0.3774126329505679 0.23442191893689343 0.37902435937856255 0.23714020159695473 0.3808028191021291 0.2396607901242404 0.38319262180494024 0.24316984724151922 0.3851933887024404 0.24756852225310427 0.3863327138433869 0.25087988420066487
1 0.61275 0.4726666666666667 0.621625 0.46755555555555556 0.626 0.458 0.6295 0.43666666666666665 0.62875 0.41844444444444445 0.6255 0.4042222222222222 0.618375 0.3942222222222222 0.611375 0.39066666666666666 0.607875 0.38666666666666666 0.600125 0.388 0.595 0.3948888888888889 0.592 0.402 0.5895 0.4122222222222222 0.5875 0.4255555555555556 0.58775 0.44155555555555553 0.5885 0.44555555555555554 0.594375 0.456 0.601875 0.4657777777777778 0.610375 0.47244444444444444
1 0.57475 0.5308888888888889 0.581875 0.528 0.586875 0.5222222222222223 0.59225 0.5122222222222222 0.59575 0.502 0.597 0.4948888888888889 0.595 0.47888888888888886 0.5885 0.46066666666666667 0.584625 0.4577777777777778 0.580375 0.45955555555555555 0.576625 0.4533333333333333 0.567875 0.4573333333333333 0.56325 0.4628888888888889 0.56025 0.4708888888888889 0.5575 0.4882222222222222 0.558 0.5015555555555555 0.56 0.5148888888888888 0.56175 0.5202222222222223 0.568875 0.5302222222222223
1 0.6005 0.494 0.607375 0.4866666666666667 0.61075 0.4806666666666667 0.6125 0.47444444444444445 0.602625 0.4666666666666667 0.592375 0.4537777777777778 0.590125 0.45466666666666666 0.587 0.46066666666666667 0.594 0.4771111111111111 0.597 0.4922222222222222
1 0.41225 0.35044444444444445 0.417875 0.344 0.42025 0.33755555555555555 0.4215 0.32422222222222224 0.41925 0.314 0.42075 0.3108888888888889 0.421 0.30644444444444446 0.415875 0.2942222222222222 0.407875 0.288 0.397125 0.2902222222222222 0.394 0.29533333333333334 0.39 0.3068888888888889 0.3905 0.32511111111111113 0.394 0.3357777777777778 0.401125 0.3453333333333333 0.407875 0.3506666666666667
1 0.37025 0.35133333333333333 0.376625 0.34844444444444445 0.3845 0.338 0.389 0.3237777777777778 0.39 0.31533333333333335 0.38925 0.3091111111111111 0.383125 0.2937777777777778 0.380875 0.2911111111111111 0.373375 0.288 0.37 0.2917777777777778 0.364125 0.30977777777777776 0.356 0.314 0.3565 0.33044444444444443 0.35875 0.3406666666666667 0.363125 0.3488888888888889
1 0.18075 0.4082222222222222 0.199375 0.4013333333333333 0.2035 0.3948888888888889 0.20725 0.38466666666666666 0.206 0.37844444444444447 0.20125 0.37 0.20075 0.362 0.20325 0.3557777777777778 0.204 0.3491111111111111 0.199875 0.34355555555555556 0.195625 0.3413333333333333 0.190625 0.34444444444444444 0.180875 0.3457777777777778 0.1775 0.34955555555555556 0.1725 0.3615555555555556 0.17075 0.37577777777777777 0.1715 0.3908888888888889 0.1745 0.40066666666666667 0.176875 0.4048888888888889
1 0.2215 0.45844444444444443 0.227125 0.45466666666666666 0.2315 0.44466666666666665 0.23375 0.43044444444444446 0.2335 0.42155555555555557 0.224125 0.41155555555555556 0.2225 0.4086666666666667 0.21975 0.3962222222222222 0.218625 0.39511111111111114 0.214625 0.3942222222222222 0.206375 0.3982222222222222 0.20475 0.4002222222222222 0.198 0.41844444444444445 0.198 0.4255555555555556 0.1995 0.43222222222222223 0.210125 0.4537777777777778 0.215625 0.45866666666666667
1 0.1965 0.42866666666666664 0.19875 0.4255555555555556 0.1985 0.418 0.20225 0.4051111111111111 0.201125 0.4022222222222222 0.196875 0.4017777777777778 0.187875 0.4071111111111111 0.1795 0.4082222222222222 0.179 0.41133333333333333 0.18025 0.41444444444444445 0.187625 0.42577777777777776 0.191875 0.4288888888888889