0 0.294375 0.81625 0.1925 0.19
0 0.435 0.856875 0.09875 0.10625
0 0.561875 0.654375 0.19 0.15375
0 0.720625 0.6975 0.1675 0.17375
0 0.843125 0.644375 0.11125 0.11
0 0.875625 0.54625 0.1225 0.1375
0 0.804375 0.405625 0.15125 0.14875
0 0.66625 0.28 0.16 0.13375
0 0.66875 0.42875 0.16875 0.1875
0 0.5625 0.529375 0.11375 0.11625
0 0.7425 0.564375 0.13875 0.11125
0 0.15625 0.558125 0.165 0.15125
0 0.313125 0.553125 0.1675 0.15375
0 0.298125 0.64 0.15125 0.10625
0 0.413125 0.675 0.11625 0.12625
0 0.501875 0.73375 0.12 0.10125
0 0.120625 0.416875 0.2225 0.175
0 0.180625 0.29875 0.1175 0.1
0 0.2575 0.35625 0.105 0.125
0 0.36625 0.205625 0.15375 0.12375
0 0.371875 0.394375 0.14875 0.1825
0 0.470625 0.489375 0.12125 0.12625
0 0.500625 0.40375 0.11625 0.13
0 0.5475 0.355 0.12625 0.09875