0 0.24765625 0.4652777777777778 0.13515625 0.18888888888888888
0 0.42109375 0.5541666666666667 0.12578125 0.26944444444444443
0 0.390234375 0.3388888888888889 0.15 0.21944444444444444
0 0.46640625 0.2222222222222222 0.1140625 0.23472222222222222
0 0.3203125 0.18125 0.13984375 0.17222222222222222
0 0.173046875 0.19375 0.10078125 0.16944444444444445
0 0.073828125 0.2763888888888889 0.1265625 0.24166666666666667
0 0.133203125 0.4486111111111111 0.09375 0.15555555555555556
0 0.1453125 0.6486111111111111 0.15703125 0.24027777777777778
0 0.2859375 0.7375 0.115625 0.2152777777777778
0 0.416015625 0.7680555555555556 0.13828125 0.18611111111111112
0 0.6125 0.5944444444444444 0.109375 0.21944444444444444
0 0.534375 0.8597222222222223 0.12578125 0.22777777777777777
0 0.542578125 0.4125 0.12890625 0.21666666666666667
0 0.59453125 0.2701388888888889 0.1203125 0.1638888888888889
0 0.683984375 0.39305555555555555 0.09921875 0.2625
0 0.552734375 0.058333333333333334 0.09609375 0.11666666666666667
0 0.652734375 0.1 0.11875 0.2