0 0.4801587301587302 0.3412698412698413 0.4791666666666667 0.3544973544973545 0.48412698412698413 0.3637566137566138 0.4880952380952381 0.3306878306878307 0.5198412698412699 0.24735449735449735 0.5208333333333334 0.2328042328042328 0.49404761904761907 0.2896825396825397
0 0.4246031746031746 0.38492063492063494 0.42063492063492064 0.4074074074074074 0.42857142857142855 0.3955026455026455 0.43452380952380953 0.36904761904761907 0.42857142857142855 0.3716931216931217
0 0.4523809523809524 0.3002645502645503 0.43353174603174605 0.35185185185185186 0.43452380952380953 0.35978835978835977 0.4384920634920635 0.3584656084656085 0.4712301587301587 0.27116402116402116 0.49107142857142855 0.23544973544973544 0.49107142857142855 0.2261904761904762 0.4732142857142857 0.2526455026455027
0 0.3968253968253968 0.2857142857142857 0.3968253968253968 0.2923280423280423 0.4037698412698413 0.28835978835978837 0.4523809523809524 0.21296296296296297 0.44841269841269843 0.21031746031746032
0 0.5773809523809523 0.24074074074074073 0.5734126984126984 0.39021164021164023 0.5734126984126984 0.42592592592592593 0.5773809523809523 0.4351851851851852 0.5843253968253969 0.2698412698412698 0.5823412698412699 0.20767195767195767 0.5783730158730159 0.21428571428571427
0 0.0763888888888889 0.12169312169312169 0.07539682539682539 0.14682539682539683 0.08134920634920635 0.20238095238095238 0.08531746031746032 0.23015873015873015 0.09126984126984126 0.23412698412698413 0.08134920634920635 0.13095238095238096
1 0.32142857142857145 0.37037037037037035 0.32142857142857145 0.45105820105820105 0.3273809523809524 0.4669312169312169 0.3373015873015873 0.4722222222222222 0.35714285714285715 0.4603174603174603 0.39186507936507936 0.4113756613756614 0.4017857142857143 0.39021164021164023 0.4017857142857143 0.36507936507936506 0.37996031746031744 0.328042328042328 0.3541666666666667 0.32275132275132273 0.3402777777777778 0.32936507936507936 0.3273809523809524 0.3439153439153439
1 0.44047619047619047 0.41798941798941797 0.4384920634920635 0.4576719576719577 0.44642857142857145 0.48148148148148145 0.4722222222222222 0.5462962962962963 0.48412698412698413 0.5529100529100529 0.49206349206349204 0.5502645502645502 0.5009920634920635 0.533068783068783 0.5228174603174603 0.4642857142857143 0.5238095238095238 0.43783068783068785 0.5178571428571429 0.414021164021164 0.4990079365079365 0.3888888888888889 0.4751984126984127 0.3835978835978836 0.44841269841269843 0.4021164021164021
1 0.5406746031746031 0.5013227513227513 0.5406746031746031 0.5423280423280423 0.5476190476190477 0.5661375661375662 0.5773809523809523 0.6256613756613757 0.5942460317460317 0.6256613756613757 0.6021825396825397 0.6124338624338624 0.6160714285714286 0.5582010582010583 0.6200396825396826 0.5105820105820106 0.6150793650793651 0.49074074074074076 0.5952380952380952 0.4669312169312169 0.5704365079365079 0.46296296296296297 0.5565476190476191 0.47354497354497355
1 0.9454365079365079 0.4444444444444444 0.9454365079365079 0.49074074074074076 0.9523809523809523 0.5198412698412699 0.9593253968253969 0.5317460317460317 0.9722222222222222 0.533068783068783 0.9851190476190477 0.5198412698412699 0.9990079365079365 0.4828042328042328 0.9990079365079365 0.40343915343915343 0.9732142857142857 0.39814814814814814 0.9583333333333334 0.4166666666666667
1 0.3878968253968254 0.4656084656084656 0.39087301587301587 0.5264550264550265 0.3958333333333333 0.5370370370370371 0.40476190476190477 0.5383597883597884 0.4255952380952381 0.5052910052910053 0.43353174603174605 0.47619047619047616 0.4255952380952381 0.4497354497354497 0.4126984126984127 0.4417989417989418 0.39880952380952384 0.4444444444444444