0 0.5496031746031746 0.4603174603174603 0.5496031746031746 0.4695767195767196 0.5882936507936508 0.5582010582010583 0.5892857142857143 0.5396825396825397 0.5853174603174603 0.5277777777777778 0.5634920634920635 0.4801587301587302
0 0.5396825396825397 0.3941798941798942 0.5357142857142857 0.3941798941798942 0.5367063492063492 0.3994708994708995 0.5486111111111112 0.4087301587301587 0.5728174603174603 0.44365079365079363 0.5952380952380952 0.48412698412698413 0.5972222222222222 0.47354497354497355 0.5882936507936508 0.455026455026455 0.5535714285714286 0.4060846560846561
0 0.5446428571428571 0.37962962962962965 0.5416666666666666 0.3862433862433862 0.5674603174603174 0.3994708994708995 0.5982142857142857 0.43253968253968256 0.6031746031746031 0.4312169312169312 0.6021825396825397 0.42328042328042326 0.5763888888888888 0.3968253968253968 0.560515873015873 0.3835978835978836
0 0.025793650793650792 0.3055555555555556 0.0248015873015873 0.30952380952380953 0.037698412698412696 0.3201058201058201 0.07738095238095238 0.34523809523809523 0.13988095238095238 0.36904761904761907 0.18452380952380953 0.37962962962962965 0.18353174603174602 0.37433862433862436 0.14186507936507936 0.36507936507936506 0.09027777777777778 0.34523809523809523 0.04861111111111111 0.32275132275132273 0.04662698412698413 0.3134920634920635
0 0.041666666666666664 0.28174603174603174 0.03869047619047619 0.2857142857142857 0.06845238095238096 0.28835978835978837 0.0763888888888889 0.2962962962962963 0.08630952380952381 0.29365079365079366 0.11210317460317461 0.3029100529100529 0.10912698412698413 0.2962962962962963 0.07242063492063493 0.2843915343915344 0.05257936507936508 0.2791005291005291
0 0.6428571428571429 0.36904761904761907 0.6408730158730159 0.3716931216931217 0.6517857142857143 0.376984126984127
0 0.6884920634920635 0.3994708994708995 0.6904761904761905 0.4060846560846561 0.7132936507936508 0.42724867724867727 0.7113095238095238 0.414021164021164
0 0.7113095238095238 0.20502645502645503 0.7093253968253969 0.21296296296296297 0.7490079365079365 0.1984126984126984 0.7757936507936508 0.17989417989417988 0.7896825396825397 0.164021164021164 0.7857142857142857 0.16005291005291006 0.7549603174603174 0.18386243386243387
1 0.5634920634920635 0.6283068783068783 0.566468253968254 0.6732804232804233 0.5972222222222222 0.7473544973544973 0.6220238095238095 0.7738095238095238 0.6349206349206349 0.7751322751322751 0.6438492063492064 0.7698412698412699 0.6607142857142857 0.7261904761904762 0.6656746031746031 0.6970899470899471 0.6666666666666666 0.6494708994708994 0.6517857142857143 0.5992063492063492 0.6309523809523809 0.5859788359788359 0.6091269841269841 0.5846560846560847 0.5972222222222222 0.5952380952380952 0.5813492063492064 0.5978835978835979 0.5694444444444444 0.6124338624338624
1 0.6051587301587301 0.5013227513227513 0.6061507936507936 0.5079365079365079 0.6011904761904762 0.5145502645502645 0.6021825396825397 0.5317460317460317 0.6061507936507936 0.5423280423280423 0.6180555555555556 0.544973544973545 0.6240079365079365 0.5767195767195767 0.6577380952380952 0.5978835978835979 0.6825396825396826 0.5952380952380952 0.6944444444444444 0.5846560846560847 0.6994047619047619 0.5661375661375662 0.6974206349206349 0.5462962962962963 0.691468253968254 0.5317460317460317 0.6716269841269841 0.5079365079365079 0.6369047619047619 0.48148148148148145 0.6091269841269841 0.5026455026455027
1 0.7281746031746031 0.4074074074074074 0.7232142857142857 0.41798941798941797 0.7291666666666666 0.4351851851851852 0.7490079365079365 0.43783068783068785 0.7668650793650794 0.4246031746031746 0.7638888888888888 0.41005291005291006 0.7549603174603174 0.40343915343915343 0.7400793650793651 0.4021164021164021
1 0.4365079365079365 0.5502645502645502 0.43353174603174605 0.5621693121693122 0.435515873015873 0.5846560846560847 0.44047619047619047 0.58994708994709 0.45337301587301587 0.5886243386243386 0.4642857142857143 0.5727513227513228 0.46726190476190477 0.544973544973545 0.4513888888888889 0.5317460317460317
1 0.8025793650793651 0.3637566137566138 0.8005952380952381 0.3835978835978836 0.8075396825396826 0.39021164021164023 0.8184523809523809 0.3915343915343915 0.8293650793650794 0.38095238095238093 0.8353174603174603 0.3584656084656085 0.8323412698412699 0.3478835978835979 0.8174603174603174 0.3439153439153439