0 0.49603174603174605 0.3783068783068783 0.49603174603174605 0.5 0.4990079365079365 0.5013227513227513 0.5009920634920635 0.35978835978835977 0.498015873015873 0.3505291005291005
0 0.44642857142857145 0.376984126984127 0.44543650793650796 0.3941798941798942 0.4494047619047619 0.3955026455026455 0.45634920634920634 0.335978835978836 0.48115079365079366 0.26455026455026454 0.4652777777777778 0.2857142857142857 0.4513888888888889 0.33994708994708994
0 0.3998015873015873 0.5013227513227513 0.3978174603174603 0.5119047619047619 0.4037698412698413 0.5251322751322751 0.4037698412698413 0.503968253968254
0 0.4107142857142857 0.38492063492063494 0.39285714285714285 0.48677248677248675 0.4007936507936508 0.4669312169312169 0.4126984126984127 0.3955026455026455 0.42757936507936506 0.3412698412698413 0.4375 0.31613756613756616 0.4593253968253968 0.2804232804232804 0.44146825396825395 0.3002645502645503 0.43154761904761907 0.3187830687830688
0 0.6051587301587301 0.335978835978836 0.6051587301587301 0.3253968253968254 0.6190476190476191 0.34656084656084657
0 0.503968253968254 0.21296296296296297 0.5 0.21296296296296297 0.5009920634920635 0.21957671957671956 0.5208333333333334 0.23015873015873015 0.5496031746031746 0.2566137566137566 0.5684523809523809 0.28174603174603174 0.5763888888888888 0.2804232804232804 0.5396825396825397 0.23677248677248677
0 0.5734126984126984 0.2843915343915344 0.5724206349206349 0.2923280423280423 0.6071428571428571 0.34523809523809523 0.6160714285714286 0.35714285714285715 0.621031746031746 0.3558201058201058 0.5942460317460317 0.30952380952380953
0 0.9642857142857143 0.15343915343915343 0.9662698412698413 0.17592592592592593 0.9573412698412699 0.23015873015873015 0.9593253968253969 0.23809523809523808 0.9722222222222222 0.1746031746031746 0.9712301587301587 0.15608465608465608
0 0.01488095238095238 0.2328042328042328 0 0.23677248677248677 0 0.24338624338624337 0.041666666666666664 0.23809523809523808 0.1001984126984127 0.25 0.09424603174603174 0.24206349206349206 0.07043650793650794 0.23544973544973544
0 0.006944444444444444 0.18386243386243387 0 0.18386243386243387 0 0.1917989417989418 0.00992063492063492 0.18518518518518517
0 0.026785714285714284 0.17195767195767195 0.02976190476190476 0.17724867724867724 0.05952380952380952 0.1574074074074074 0.0496031746031746 0.1574074074074074
0 0.08234126984126984 0.14153439153439154 0.08134920634920635 0.14682539682539683 0.09424603174603174 0.14285714285714285 0.12301587301587301 0.12301587301587301 0.1378968253968254 0.10582010582010581 0.1378968253968254 0.0992063492063492 0.11011904761904762 0.12433862433862433
0 0.001984126984126984 0.2698412698412698 0 0.27645502645502645 0.034722222222222224 0.2857142857142857 0.09226190476190477 0.31746031746031744 0.09226190476190477 0.30952380952380953 0.04861111111111111 0.2857142857142857
0 0.47619047619047616 0.2222222222222222 0.4722222222222222 0.2261904761904762 0.49007936507936506 0.23809523809523808 0.5109126984126984 0.2791005291005291 0.5257936507936508 0.29365079365079366 0.501984126984127 0.2447089947089947 0.4871031746031746 0.2261904761904762
0 0.8621031746031746 0.16534391534391535 0.8412698412698413 0.17195767195767195 0.8412698412698413 0.17724867724867724 0.8690476190476191 0.1693121693121693 0.8690476190476191 0.16534391534391535
0 0.5525793650793651 0.23015873015873015 0.5496031746031746 0.23412698412698413 0.5575396825396826 0.24074074074074073 0.5863095238095238 0.22486772486772486 0.6180555555555556 0.21693121693121692 0.6676587301587301 0.22354497354497355 0.6795634920634921 0.23015873015873015 0.6785714285714286 0.2222222222222222 0.6736111111111112 0.21957671957671956 0.6190476190476191 0.20634920634920634 0.6140873015873016 0.21296296296296297 0.5763888888888888 0.21957671957671956
1 0.5119047619047619 0.47354497354497355 0.5109126984126984 0.4947089947089947 0.5208333333333334 0.5264550264550265 0.5595238095238095 0.5873015873015873 0.5734126984126984 0.58994708994709 0.5843253968253969 0.5740740740740741 0.5892857142857143 0.5555555555555556 0.5952380952380952 0.5013227513227513 0.5922619047619048 0.458994708994709 0.5863095238095238 0.44841269841269843 0.5684523809523809 0.43783068783068785 0.5416666666666666 0.4365079365079365 0.5267857142857143 0.44576719576719576 0.5148809523809523 0.46164021164021163
1 0.6041666666666666 0.4497354497354497 0.5982142857142857 0.4669312169312169 0.5982142857142857 0.5026455026455027 0.6051587301587301 0.5145502645502645 0.6468253968253969 0.5423280423280423 0.6626984126984127 0.5423280423280423 0.6746031746031746 0.5317460317460317 0.6765873015873016 0.503968253968254 0.6607142857142857 0.46164021164021163 0.6468253968253969 0.46296296296296297 0.6349206349206349 0.43783068783068785 0.6180555555555556 0.43915343915343913
1 0.4166666666666667 0.44576719576719576 0.41369047619047616 0.4576719576719577 0.4156746031746032 0.5092592592592593 0.42063492063492064 0.5185185185185185 0.4305555555555556 0.5198412698412699 0.45436507936507936 0.4933862433862434 0.4632936507936508 0.4722222222222222 0.4642857142857143 0.4523809523809524 0.4573412698412698 0.43783068783068785 0.4444444444444444 0.4312169312169312 0.4255952380952381 0.43386243386243384