0 0.4236111111111111 0.46825396825396826 0.4226190476190476 0.49206349206349204 0.4255952380952381 0.4933862433862434 0.42956349206349204 0.49074074074074076 0.44047619047619047 0.40343915343915343 0.46825396825396826 0.294973544973545 0.49007936507936506 0.24074074074074073 0.5109126984126984 0.2261904761904762 0.5009920634920635 0.2261904761904762 0.4880952380952381 0.23412698412698413 0.4662698412698413 0.27116402116402116 0.43452380952380953 0.4007936507936508
0 0.6319444444444444 0.3835978835978836 0.6507936507936508 0.5740740740740741 0.6587301587301587 0.5687830687830688 0.6587301587301587 0.5595238095238095 0.6398809523809523 0.38492063492063494 0.6369047619047619 0.3783068783068783
0 0.7301587301587301 0.21296296296296297 0.7311507936507936 0.2208994708994709 0.7509920634920635 0.21825396825396826 0.7876984126984127 0.23412698412698413 0.8095238095238095 0.25 0.8621031746031746 0.3134920634920635 0.8968253968253969 0.34523809523809523 0.9404761904761905 0.37037037037037035 0.9464285714285714 0.37037037037037035 0.9533730158730159 0.36243386243386244 0.8918650793650794 0.3253968253968254 0.8134920634920635 0.24074074074074073 0.7896825396825397 0.2222222222222222 0.75 0.20899470899470898
0 0.32142857142857145 0.373015873015873 0.3134920634920635 0.3862433862433862 0.3492063492063492 0.3664021164021164 0.38392857142857145 0.3386243386243386 0.45634920634920634 0.29365079365079366 0.4603174603174603 0.28703703703703703 0.45535714285714285 0.2857142857142857 0.41865079365079366 0.3055555555555556
0 0.25793650793650796 0.27380952380952384 0.25793650793650796 0.2843915343915344 0.2638888888888889 0.2857142857142857 0.3263888888888889 0.25793650793650796 0.3263888888888889 0.2526455026455027 0.32341269841269843 0.24867724867724866
0 0.32242063492063494 0.3201058201058201 0.32142857142857145 0.328042328042328 0.3611111111111111 0.2962962962962963 0.35912698412698413 0.2923280423280423 0.35119047619047616 0.29365079365079366
0 0.30753968253968256 0.30687830687830686 0.30654761904761907 0.31084656084656087 0.3194444444444444 0.31084656084656087 0.34424603174603174 0.3002645502645503 0.3501984126984127 0.2923280423280423
0 0.4593253968253968 0.09391534391534391 0.4593253968253968 0.10317460317460317 0.49603174603174605 0.18783068783068782 0.5158730158730159 0.22354497354497355 0.5267857142857143 0.22486772486772486 0.5188492063492064 0.20238095238095238 0.498015873015873 0.17063492063492064 0.46825396825396826 0.10052910052910052
1 0.11607142857142858 0.41798941798941797 0.11507936507936507 0.4312169312169312 0.11904761904761904 0.44047619047619047 0.13293650793650794 0.4523809523809524 0.15376984126984128 0.45634920634920634 0.21031746031746032 0.4523809523809524 0.25595238095238093 0.43253968253968256 0.26884920634920634 0.421957671957672 0.2777777777777778 0.4060846560846561 0.28273809523809523 0.37566137566137564 0.2767857142857143 0.3544973544973545 0.2638888888888889 0.3373015873015873 0.2361111111111111 0.3201058201058201 0.21726190476190477 0.3187830687830688 0.1775793650793651 0.3425925925925926 0.13392857142857142 0.3888888888888889
1 0.10416666666666667 0.33465608465608465 0.10218253968253968 0.3544973544973545 0.10912698412698413 0.3664021164021164 0.13988095238095238 0.3783068783068783 0.18154761904761904 0.335978835978836 0.22420634920634921 0.3148148148148148 0.2361111111111111 0.2962962962962963 0.2251984126984127 0.2896825396825397 0.20436507936507936 0.28703703703703703 0.18353174603174602 0.2896825396825397 0.125 0.31613756613756616
1 0.7311507936507936 0.2261904761904762 0.7301587301587301 0.2605820105820106 0.7797619047619048 0.2962962962962963 0.8293650793650794 0.3134920634920635 0.8442460317460317 0.3134920634920635 0.8541666666666666 0.30687830687830686 0.8095238095238095 0.25132275132275134 0.7817460317460317 0.23015873015873015 0.7589285714285714 0.2208994708994709
1 0.7678571428571429 0.1917989417989418 0.753968253968254 0.20899470899470898 0.7757936507936508 0.21296296296296297 0.8005952380952381 0.22883597883597884 0.8690476190476191 0.3002645502645503 0.8948412698412699 0.25793650793650796 0.8948412698412699 0.2328042328042328 0.8878968253968254 0.20238095238095238 0.8690476190476191 0.17857142857142858 0.8323412698412699 0.1917989417989418 0.8253968253968254 0.1865079365079365 0.814484126984127 0.1917989417989418 0.8045634920634921 0.18783068783068782
1 0.6626984126984127 0.6944444444444444 0.6557539682539683 0.7222222222222222 0.6626984126984127 0.7526455026455027 0.6934523809523809 0.7804232804232805 0.7132936507936508 0.7857142857142857 0.7192460317460317 0.7698412698412699 0.7172619047619048 0.7235449735449735 0.7073412698412699 0.6984126984126984 0.6884920634920635 0.6851851851851852
1 0.4007936507936508 0.5846560846560847 0.39880952380952384 0.5952380952380952 0.4166666666666667 0.6349206349206349 0.42857142857142855 0.6455026455026455 0.4375 0.6428571428571429 0.4523809523809524 0.5965608465608465 0.4523809523809524 0.5793650793650794 0.4444444444444444 0.5595238095238095 0.43353174603174605 0.5529100529100529 0.41964285714285715 0.5542328042328042