0 0.16170634920634921 0.026455026455026454 0.16071428571428573 0.031746031746031744 0.19246031746031747 0.02513227513227513 0.22123015873015872 0.018518518518518517 0.2251984126984127 0.011904761904761904 0.18055555555555555 0.018518518518518517
0 0.20436507936507936 0.07936507936507936 0.20337301587301587 0.08862433862433862 0.21428571428571427 0.08597883597883597 0.22718253968253968 0.07142857142857142 0.23412698412698413 0.07142857142857142 0.2648809523809524 0.041005291005291 0.28174603174603174 0.03042328042328042 0.2926587301587302 0.03042328042328042 0.32043650793650796 0.047619047619047616 0.314484126984127 0.03835978835978836 0.2986111111111111 0.03042328042328042 0.2986111111111111 0.01984126984126984 0.3492063492063492 0.003968253968253968 0.3472222222222222 0 0.32242063492063494 0 0.2916666666666667 0.015873015873015872 0.2698412698412698 0.017195767195767195
1 0.2003968253968254 0.09126984126984126 0.19642857142857142 0.10185185185185185 0.2152777777777778 0.12301587301587301 0.20535714285714285 0.1335978835978836 0.21031746031746032 0.15343915343915343 0.22916666666666666 0.15476190476190477 0.24801587301587302 0.13227513227513227 0.2490079365079365 0.10185185185185185 0.23511904761904762 0.0701058201058201
0 0.23015873015873015 0.003968253968253968 0.2261904761904762 0.01455026455026455 0.26686507936507936 0.018518518518518517 0.2837301587301587 0 0.26884920634920634 0 0.2569444444444444 0.007936507936507936
0 0.37996031746031744 0.5568783068783069 0.3630952380952381 0.6164021164021164 0.36904761904761907 0.623015873015873 0.3759920634920635 0.6177248677248677 0.38392857142857145 0.582010582010582
0 0.4732142857142857 0.2328042328042328 0.4742063492063492 0.294973544973545 0.4801587301587302 0.2896825396825397 0.48214285714285715 0.2777777777777778 0.4871031746031746 0.27645502645502645 0.49404761904761907 0.25 0.48908730158730157 0.25132275132275134
0 0.4732142857142857 0.0873015873015873 0.4732142857142857 0.09656084656084656 0.48214285714285715 0.09523809523809523 0.49404761904761907 0.07804232804232804 0.498015873015873 0.07804232804232804 0.501984126984127 0.06746031746031746 0.5168650793650794 0.056878306878306875 0.5257936507936508 0.06481481481481481 0.5307539682539683 0.05952380952380952 0.5257936507936508 0.05026455026455026 0.5138888888888888 0.046296296296296294 0.5079365079365079 0.05423280423280423 0.4871031746031746 0.05952380952380952 0.48214285714285715 0.07804232804232804
0 0.2718253968253968 0.10714285714285714 0.2757936507936508 0.11243386243386243 0.30357142857142855 0.09523809523809523 0.30853174603174605 0.0873015873015873 0.3551587301587302 0.06349206349206349 0.3869047619047619 0.062169312169312166 0.40674603174603174 0.05291005291005291 0.32341269841269843 0.04894179894179894 0.32936507936507936 0.05423280423280423 0.3263888888888889 0.06349206349206349 0.2916666666666667 0.082010582010582 0.28869047619047616 0.09656084656084656 0.28075396825396826 0.09788359788359788
0 0.5902777777777778 0.19576719576719576 0.5962301587301587 0.22486772486772486 0.5873015873015873 0.23677248677248677 0.6021825396825397 0.2619047619047619 0.6150793650793651 0.2962962962962963 0.6160714285714286 0.3134920634920635 0.6220238095238095 0.31746031746031744 0.626984126984127 0.3306878306878307 0.6319444444444444 0.3253968253968254 0.6329365079365079 0.30952380952380953 0.6091269841269841 0.23412698412698413 0.6051587301587301 0.21031746031746032 0.5962301587301587 0.19576719576719576
0 0.2748015873015873 0.20502645502645503 0.27380952380952384 0.21296296296296297 0.28075396825396826 0.21428571428571427 0.3630952380952381 0.14682539682539683 0.44246031746031744 0.10052910052910052 0.44246031746031744 0.08465608465608465 0.4384920634920635 0.09391534391534391 0.3621031746031746 0.1349206349206349
0 0.4087301587301587 0.34523809523809523 0.40674603174603174 0.376984126984127 0.41369047619047616 0.3716931216931217 0.4226190476190476 0.3373015873015873 0.439484126984127 0.2261904761904762 0.4573412698412698 0.15211640211640212 0.45634920634920634 0.1335978835978836 0.44841269841269843 0.1388888888888889
0 0.3194444444444444 0.25925925925925924 0.2708333333333333 0.34656084656084657 0.25496031746031744 0.36772486772486773 0.25496031746031744 0.37433862433862436 0.2648809523809524 0.37962962962962965 0.3323412698412698 0.2566137566137566 0.373015873015873 0.20105820105820105 0.4037698412698413 0.16666666666666666 0.44345238095238093 0.1349206349206349 0.4444444444444444 0.12698412698412698 0.4375 0.12566137566137567 0.42063492063492064 0.1388888888888889 0.3740079365079365 0.18253968253968253
0 0.7232142857142857 0.1349206349206349 0.7222222222222222 0.1388888888888889 0.7440476190476191 0.15211640211640212 0.7876984126984127 0.167989417989418 0.8898809523809523 0.2222222222222222 0.9990079365079365 0.3002645502645503 0.9990079365079365 0.2857142857142857 0.8809523809523809 0.20238095238095238 0.7926587301587301 0.1574074074074074
0 0.38492063492063494 0 0.38591269841269843 0.005291005291005291 0.41865079365079366 0.011904761904761904 0.40773809523809523 0
1 0.3680555555555556 0.4722222222222222 0.36706349206349204 0.4947089947089947 0.373015873015873 0.5357142857142857 0.38492063492063494 0.5753968253968254 0.39285714285714285 0.5886243386243386 0.4117063492063492 0.5992063492063492 0.42956349206349204 0.5992063492063492 0.4603174603174603 0.5793650793650794 0.4583333333333333 0.5701058201058201 0.439484126984127 0.5608465608465608 0.435515873015873 0.544973544973545 0.42857142857142855 0.5396825396825397 0.42857142857142855 0.5251322751322751 0.4236111111111111 0.5171957671957672 0.4246031746031746 0.5026455026455027 0.44742063492063494 0.4246031746031746 0.44146825396825395 0.4074074074074074 0.44742063492063494 0.3955026455026455 0.45535714285714285 0.39021164021164023 0.4503968253968254 0.37433862433862436 0.4523809523809524 0.3637566137566138 0.42658730158730157 0.3637566137566138 0.4007936507936508 0.3835978835978836 0.38591269841269843 0.4060846560846561 0.3759920634920635 0.4312169312169312
1 0.6180555555555556 0.5092592592592593 0.621031746031746 0.5171957671957672 0.6150793650793651 0.5357142857142857 0.626984126984127 0.5515873015873016 0.6408730158730159 0.5873015873015873 0.6666666666666666 0.623015873015873 0.6746031746031746 0.6283068783068783 0.6825396825396826 0.6428571428571429 0.7003968253968254 0.656084656084656 0.7192460317460317 0.6587301587301587 0.7291666666666666 0.6507936507936508 0.7351190476190477 0.6362433862433863 0.7420634920634921 0.5291005291005291 0.7351190476190477 0.48677248677248675 0.7202380952380952 0.44312169312169314 0.691468253968254 0.4246031746031746 0.683531746031746 0.4298941798941799 0.6775793650793651 0.4246031746031746 0.6507936507936508 0.4417989417989418 0.6309523809523809 0.4669312169312169 0.621031746031746 0.4880952380952381
1 0.7331349206349206 0.2923280423280423 0.7281746031746031 0.3201058201058201 0.7420634920634921 0.38095238095238093 0.7668650793650794 0.3783068783068783 0.7827380952380952 0.3835978835978836 0.7886904761904762 0.3968253968253968 0.8025793650793651 0.41005291005291006 0.8343253968253969 0.4087301587301587 0.873015873015873 0.3941798941798942 0.8908730158730159 0.3664021164021164 0.8928571428571429 0.3412698412698413 0.8819444444444444 0.3134920634920635 0.8650793650793651 0.2857142857142857 0.8253968253968254 0.25132275132275134 0.7857142857142857 0.25 0.7430555555555556 0.2724867724867725
1 0.20535714285714285 0.4166666666666667 0.20436507936507936 0.4351851851851852 0.21031746031746032 0.44576719576719576 0.24305555555555555 0.4365079365079365 0.25892857142857145 0.421957671957672 0.25 0.40343915343915343 0.24503968253968253 0.37962962962962965 0.22023809523809523 0.38227513227513227 0.21329365079365079 0.3915343915343915
1 0.16865079365079366 0.05555555555555555 0.18154761904761904 0.0873015873015873 0.19146825396825398 0.07671957671957672 0.21329365079365079 0.07539682539682539 0.22420634920634921 0.06084656084656084 0.20833333333333334 0.05423280423280423
1 0.32043650793650796 0.6640211640211641 0.3194444444444444 0.7156084656084656 0.3263888888888889 0.7261904761904762 0.3462301587301587 0.7182539682539683 0.375 0.6798941798941799 0.3740079365079365 0.6653439153439153 0.3621031746031746 0.6587301587301587 0.35813492063492064 0.6481481481481481 0.3601190476190476 0.6388888888888888 0.3531746031746032 0.6322751322751323 0.32837301587301587 0.6415343915343915