0 0.5545634920634921 0.06349206349206349 0.5595238095238095 0.15608465608465608 0.5456349206349206 0.39285714285714285 0.5535714285714286 0.3915343915343915 0.5555555555555556 0.3862433862433862 0.5674603174603174 0.15873015873015872 0.5674603174603174 0.09788359788359788 0.5615079365079365 0.05555555555555555 0.558531746031746 0.05423280423280423
0 0.6686507936507936 0.17328042328042328 0.6666666666666666 0.18253968253968253 0.6775793650793651 0.23544973544973544 0.6815476190476191 0.2896825396825397 0.6904761904761905 0.2751322751322751 0.689484126984127 0.25132275132275134 0.6775793650793651 0.18253968253968253 0.6736111111111112 0.17195767195767195
0 0.6785714285714286 0.2275132275132275 0.6785714285714286 0.2526455026455027 0.6865079365079365 0.25925925925925924 0.6865079365079365 0.23677248677248677
0 0.5525793650793651 0.2724867724867725 0.5535714285714286 0.3082010582010582 0.560515873015873 0.29365079365079366 0.560515873015873 0.2566137566137566 0.5535714285714286 0.26322751322751325
0 0.5565476190476191 0.20767195767195767 0.5555555555555556 0.24074074074074073 0.5565476190476191 0.25396825396825395 0.5595238095238095 0.25396825396825395 0.5634920634920635 0.24735449735449735 0.564484126984127 0.2261904761904762 0.5625 0.17989417989417988 0.5595238095238095 0.17989417989417988
0 0.5466269841269841 0.36243386243386244 0.5456349206349206 0.39021164021164023 0.5535714285714286 0.39021164021164023 0.5575396825396826 0.32671957671957674 0.5535714285714286 0.31216931216931215
0 0.748015873015873 0.4166666666666667 0.7490079365079365 0.47354497354497355 0.7509920634920635 0.49074074074074076 0.7559523809523809 0.49603174603174605 0.7589285714285714 0.49074074074074076 0.7559523809523809 0.41798941798941797
0 0.7093253968253969 0.12698412698412698 0.7331349206349206 0.22486772486772486 0.7440476190476191 0.3306878306878307 0.7470238095238095 0.3333333333333333 0.751984126984127 0.32275132275132273 0.751984126984127 0.3082010582010582 0.7430555555555556 0.23015873015873015 0.7271825396825397 0.164021164021164 0.7152777777777778 0.13095238095238096
0 0.18253968253968253 0.421957671957672 0.18154761904761904 0.4351851851851852 0.18551587301587302 0.43915343915343913 0.22718253968253968 0.4007936507936508 0.32142857142857145 0.2777777777777778 0.34523809523809523 0.25925925925925924 0.34325396825396826 0.24074074074074073 0.3333333333333333 0.24338624338624337 0.30853174603174605 0.2751322751322751 0.2906746031746032 0.30158730158730157 0.2896825396825397 0.31613756613756616 0.2757936507936508 0.3201058201058201 0.26091269841269843 0.3333333333333333 0.21825396825396826 0.39021164021164023
1 0.2896825396825397 0.35978835978835977 0.27976190476190477 0.414021164021164 0.28273809523809523 0.45105820105820105 0.2996031746031746 0.47354497354497355 0.32142857142857145 0.47354497354497355 0.3382936507936508 0.4669312169312169 0.36408730158730157 0.44576719576719576 0.3978174603174603 0.40343915343915343 0.4097222222222222 0.37962962962962965 0.4166666666666667 0.35185185185185186 0.4166666666666667 0.33201058201058203 0.40575396825396826 0.31746031746031744 0.38492063492063494 0.30952380952380953 0.3759920634920635 0.2962962962962963 0.3611111111111111 0.28835978835978837 0.3521825396825397 0.26455026455026454 0.3482142857142857 0.26455026455026454 0.3273809523809524 0.2751322751322751 0.30654761904761907 0.3029100529100529
1 0.753968253968254 0.16137566137566137 0.7509920634920635 0.17857142857142858 0.7638888888888888 0.2222222222222222 0.7857142857142857 0.24735449735449735 0.8184523809523809 0.26587301587301587 0.871031746031746 0.27116402116402116 0.9027777777777778 0.26322751322751325 0.9265873015873016 0.24735449735449735 0.9404761904761905 0.21957671957671956 0.935515873015873 0.1746031746031746 0.9226190476190477 0.14285714285714285 0.8928571428571429 0.10714285714285714 0.8581349206349206 0.08994708994708994 0.8303571428571429 0.08597883597883597 0.8095238095238095 0.09391534391534391 0.7678571428571429 0.13227513227513227
1 0.6339285714285714 0.42857142857142855 0.6349206349206349 0.43915343915343913 0.6488095238095238 0.44312169312169314 0.6636904761904762 0.455026455026455 0.6666666666666666 0.4642857142857143 0.6607142857142857 0.4801587301587302 0.6488095238095238 0.4947089947089947 0.6488095238095238 0.5013227513227513 0.6706349206349206 0.5661375661375662 0.6845238095238095 0.5793650793650794 0.7053571428571429 0.5674603174603174 0.7420634920634921 0.4708994708994709 0.7420634920634921 0.4312169312169312 0.7321428571428571 0.39285714285714285 0.7103174603174603 0.37566137566137564 0.6924603174603174 0.37566137566137564 0.6706349206349206 0.3888888888888889 0.6537698412698413 0.3915343915343915 0.6398809523809523 0.4087301587301587
1 0.5168650793650794 0.4801587301587302 0.5089285714285714 0.4973544973544973 0.5089285714285714 0.5198412698412699 0.5198412698412699 0.5621693121693122 0.5287698412698413 0.582010582010582 0.5525793650793651 0.5912698412698413 0.5634920634920635 0.5793650793650794 0.5734126984126984 0.5502645502645502 0.5773809523809523 0.5277777777777778 0.5753968253968254 0.503968253968254 0.5525793650793651 0.47619047619047616 0.5446428571428571 0.4722222222222222