0 0.3125 0.5171957671957672 0.3115079365079365 0.5555555555555556 0.31746031746031744 0.5621693121693122 0.3353174603174603 0.3306878306878307 0.3551587301587302 0.24338624338624337 0.3551587301587302 0.2275132275132275 0.35119047619047616 0.22883597883597884 0.34325396825396826 0.25793650793650796 0.3273809523809524 0.3425925925925926 0.32341269841269843 0.3968253968253968 0.31646825396825395 0.41798941798941797
0 0.15674603174603174 0.29365079365079366 0.15575396825396826 0.29894179894179895 0.1597222222222222 0.3002645502645503 0.1746031746031746 0.28174603174603174 0.25892857142857145 0.15608465608465608 0.2400793650793651 0.17328042328042328 0.20634920634920634 0.21693121693121692
0 0.09126984126984126 0.10714285714285714 0.08928571428571429 0.1164021164021164 0.11011904761904762 0.12566137566137567 0.10813492063492064 0.11904761904761904
0 0.4781746031746032 0.2923280423280423 0.49603174603174605 0.37962962962962965 0.5009920634920635 0.3888888888888889 0.503968253968254 0.37962962962962965 0.4871031746031746 0.3055555555555556 0.4880952380952381 0.2923280423280423
0 0.4652777777777778 0.3584656084656085 0.4642857142857143 0.40343915343915343 0.46825396825396826 0.40476190476190477 0.48214285714285715 0.3253968253968254 0.4801587301587302 0.30952380952380953 0.4751984126984127 0.3134920634920635
0 0.1388888888888889 0.12037037037037036 0.1488095238095238 0.12698412698412698 0.15873015873015872 0.12433862433862433 0.18551587301587302 0.1111111111111111 0.1875 0.0992063492063492
1 0.4851190476190476 0.4801587301587302 0.4861111111111111 0.5264550264550265 0.503968253968254 0.5674603174603174 0.5486111111111112 0.623015873015873 0.558531746031746 0.626984126984127 0.5684523809523809 0.623015873015873 0.5753968253968254 0.6124338624338624 0.5793650793650794 0.5793650793650794 0.5793650793650794 0.5132275132275133 0.5684523809523809 0.4775132275132275 0.5456349206349206 0.455026455026455 0.5099206349206349 0.44576719576719576 0.49007936507936506 0.4669312169312169
1 0.4126984126984127 0.533068783068783 0.4107142857142857 0.5767195767195767 0.4236111111111111 0.6415343915343915 0.4384920634920635 0.6587301587301587 0.4503968253968254 0.6574074074074074 0.4880952380952381 0.6150793650793651 0.501984126984127 0.5687830687830688 0.4771825396825397 0.5092592592592593 0.4632936507936508 0.5092592592592593 0.4494047619047619 0.5 0.44047619047619047 0.5 0.4255952380952381 0.5092592592592593
1 0.0882936507936508 0.40343915343915343 0.0873015873015873 0.4246031746031746 0.09523809523809523 0.48677248677248675 0.10813492063492064 0.503968253968254 0.12003968253968254 0.5013227513227513 0.1359126984126984 0.4828042328042328 0.16071428571428573 0.4351851851851852 0.16567460317460317 0.41534391534391535 0.1636904761904762 0.39021164021164023 0.1597222222222222 0.37962962962962965 0.14186507936507936 0.3611111111111111 0.11706349206349206 0.35978835978835977 0.10416666666666667 0.36772486772486773 0.09226190476190477 0.38756613756613756
1 0.09027777777777778 0.17195767195767195 0.09027777777777778 0.1917989417989418 0.0992063492063492 0.21825396825396826 0.1111111111111111 0.23412698412698413 0.12698412698412698 0.2447089947089947 0.14186507936507936 0.24735449735449735 0.16468253968253968 0.23809523809523808 0.17559523809523808 0.22486772486772486 0.18353174603174602 0.20238095238095238 0.18353174603174602 0.18386243386243387 0.17162698412698413 0.15211640211640212 0.15575396825396826 0.1335978835978836 0.1359126984126984 0.12433862433862433 0.12003968253968254 0.12301587301587301 0.10416666666666667 0.13227513227513227 0.09722222222222222 0.14285714285714285
1 0.2857142857142857 0.5912698412698413 0.2857142857142857 0.6309523809523809 0.2926587301587302 0.6468253968253969 0.2996031746031746 0.6468253968253969 0.32043650793650796 0.6216931216931217 0.32837301587301587 0.593915343915344 0.3055555555555556 0.5793650793650794 0.2926587301587302 0.582010582010582