0 0.5724206349206349 0.0291005291005291 0.5704365079365079 0.05291005291005291 0.6001984126984127 0.2275132275132275 0.6140873015873016 0.4523809523809524 0.6190476190476191 0.4576719576719577 0.621031746031746 0.4021164021164021 0.6140873015873016 0.2804232804232804 0.6031746031746031 0.18253968253968253 0.5902777777777778 0.11243386243386243 0.5952380952380952 0.08465608465608465 0.5823412698412699 0.06878306878306878 0.5863095238095238 0.05291005291005291 0.5813492063492064 0.0291005291005291 0.5773809523809523 0.02513227513227513
0 0.5476190476190477 0.30687830687830686 0.5466269841269841 0.4444444444444444 0.5525793650793651 0.43783068783068785 0.5535714285714286 0.421957671957672 0.566468253968254 0.06349206349206349 0.560515873015873 0.041005291005291 0.5535714285714286 0.11904761904761904
0 0.5773809523809523 0.03042328042328042 0.5873015873015873 0.0992063492063492 0.5992063492063492 0.10052910052910052 0.5853174603174603 0.04497354497354497
0 0.5942460317460317 0.10317460317460317 0.6299603174603174 0.24074074074074073 0.6319444444444444 0.2724867724867725 0.6398809523809523 0.2962962962962963 0.6746031746031746 0.5079365079365079 0.6845238095238095 0.544973544973545 0.689484126984127 0.5462962962962963 0.6934523809523809 0.5396825396825397 0.6785714285714286 0.4947089947089947 0.6775793650793651 0.47619047619047616 0.6716269841269841 0.458994708994709 0.6726190476190477 0.44841269841269843 0.6636904761904762 0.41005291005291006 0.6339285714285714 0.21428571428571427 0.6061507936507936 0.11243386243386243
0 0.439484126984127 0.2261904761904762 0.4384920634920635 0.30952380952380953 0.44543650793650796 0.3055555555555556 0.44742063492063494 0.23015873015873015 0.4662698412698413 0.09126984126984126 0.4861111111111111 0.037037037037037035 0.5009920634920635 0.018518518518518517 0.498015873015873 0.007936507936507936 0.49107142857142855 0.007936507936507936 0.4652777777777778 0.0582010582010582 0.45337301587301587 0.11507936507936507
0 0.376984126984127 0.18783068783068782 0.375 0.21693121693121692 0.4126984126984127 0.13227513227513227 0.43253968253968256 0.0992063492063492 0.4632936507936508 0.06349206349206349 0.4712301587301587 0.042328042328042326 0.4593253968253968 0.04894179894179894 0.42857142857142855 0.08465608465608465 0.3998015873015873 0.12962962962962962 0.38293650793650796 0.16534391534391535
0 0.37996031746031744 0.046296296296296294 0.375 0.04894179894179894 0.3759920634920635 0.05291005291005291 0.3869047619047619 0.05555555555555555 0.39087301587301587 0.04894179894179894 0.4007936507936508 0.05555555555555555 0.4087301587301587 0.05291005291005291 0.4156746031746032 0.042328042328042326
0 0.20535714285714285 0.20899470899470898 0.19146825396825398 0.23677248677248677 0.1984126984126984 0.23809523809523808 0.20634920634920634 0.21693121693121692 0.21726190476190477 0.21296296296296297 0.2466934523809524 0.16842989417989418 0.29365079365079366 0.1111111111111111 0.3740079365079365 0.056878306878306875 0.36507936507936506 0.05423280423280423 0.34424603174603174 0.06349206349206349 0.28075396825396826 0.10846560846560846
0 0.373015873015873 0.22354497354497355 0.3630952380952381 0.23677248677248677 0.3630952380952381 0.26851851851851855 0.36904761904761907 0.26851851851851855
0 0.24404761904761904 0.23941798941798942 0.24503968253968253 0.25925925925925924 0.27976190476190477 0.17857142857142858 0.3551587301587302 0.08068783068783068 0.3531746031746032 0.07275132275132275 0.2906746031746032 0.1388888888888889
0 0.3551587301587302 0.2605820105820106 0.35714285714285715 0.2724867724867725 0.37003968253968256 0.26851851851851855 0.36904761904761907 0.24867724867724866 0.3759920634920635 0.19047619047619047 0.3958333333333333 0.12301587301587301 0.4255952380952381 0.06746031746031746 0.4573412698412698 0.0291005291005291 0.44742063492063494 0.0291005291005291 0.44345238095238093 0.037037037037037035 0.43253968253968256 0.042328042328042326 0.3898809523809524 0.11375661375661375 0.3759920634920635 0.15343915343915343
1 0.010912698412698412 0.3544973544973545 0.011904761904761904 0.3716931216931217 0.030753968253968252 0.38492063492063494 0.07242063492063493 0.3862433862433862 0.13095238095238096 0.37433862433862436 0.1359126984126984 0.3637566137566138 0.1259920634920635 0.3505291005291005 0.12103174603174603 0.32936507936507936 0.125 0.3055555555555556 0.13194444444444445 0.291005291005291 0.12996031746031747 0.2791005291005291 0.11607142857142858 0.2698412698412698 0.09126984126984126 0.27116402116402116 0.0763888888888889 0.2777777777777778 0.020833333333333332 0.3373015873015873
1 0.1498015873015873 0.35714285714285715 0.1498015873015873 0.41005291005291006 0.19345238095238096 0.5555555555555556 0.20337301587301587 0.5727513227513228 0.21924603174603174 0.5793650793650794 0.24305555555555555 0.5806878306878307 0.25793650793650796 0.5740740740740741 0.2728174603174603 0.5515873015873016 0.2867063492063492 0.5026455026455027 0.2996031746031746 0.34523809523809523 0.29662698412698413 0.33465608465608465 0.2757936507936508 0.3134920634920635 0.25 0.3002645502645503 0.22420634920634921 0.3029100529100529 0.22321428571428573 0.29894179894179895 0.16567460317460317 0.32671957671957674
1 0.29563492063492064 0.43915343915343913 0.2916666666666667 0.49074074074074076 0.30853174603174605 0.5634920634920635 0.32242063492063494 0.6005291005291006 0.3402777777777778 0.6256613756613757 0.35912698412698413 0.6243386243386243 0.37202380952380953 0.6071428571428571 0.37797619047619047 0.5886243386243386 0.3869047619047619 0.5806878306878307 0.39384920634920634 0.5462962962962963 0.4037698412698413 0.5291005291005291 0.4126984126984127 0.49867724867724866 0.4156746031746032 0.4656084656084656 0.40575396825396826 0.4312169312169312 0.3978174603174603 0.4166666666666667 0.37003968253968256 0.39285714285714285 0.3482142857142857 0.3862433862433862 0.3134920634920635 0.4060846560846561
1 0.4087301587301587 0.42857142857142855 0.4166666666666667 0.4642857142857143 0.4087301587301587 0.5291005291005291 0.41964285714285715 0.548941798941799 0.4246031746031746 0.5740740740740741 0.4365079365079365 0.6018518518518519 0.44345238095238093 0.6084656084656085 0.4593253968253968 0.6111111111111112 0.4771825396825397 0.593915343915344 0.4851190476190476 0.5753968253968254 0.49206349206349204 0.5224867724867724 0.503968253968254 0.48412698412698413 0.501984126984127 0.43386243386243384 0.49702380952380953 0.41798941798941797 0.48313492063492064 0.4007936507936508 0.4513888888888889 0.38756613756613756 0.435515873015873 0.3955026455026455
1 0.4990079365079365 0.5568783068783069 0.49702380952380953 0.578042328042328 0.5029761904761905 0.6521164021164021 0.5128968253968254 0.667989417989418 0.5287698412698413 0.6693121693121693 0.5396825396825397 0.6574074074074074 0.560515873015873 0.6124338624338624 0.5684523809523809 0.5859788359788359 0.5694444444444444 0.5608465608465608 0.5555555555555556 0.5423280423280423 0.5287698412698413 0.5277777777777778 0.5079365079365079 0.533068783068783
1 0.6200396825396826 0.5066137566137566 0.6071428571428571 0.541005291005291 0.5853174603174603 0.5621693121693122 0.5932539682539683 0.5833333333333334 0.5962301587301587 0.6111111111111112 0.6111111111111112 0.6468253968253969 0.6240079365079365 0.6626984126984127 0.6339285714285714 0.6640211640211641 0.6398809523809523 0.6613756613756614 0.6478174603174603 0.6468253968253969 0.6587301587301587 0.5925925925925926 0.6587301587301587 0.5833333333333334 0.6448412698412699 0.5661375661375662 0.6408730158730159 0.5515873015873016 0.6527777777777778 0.5396825396825397 0.6587301587301587 0.5396825396825397 0.6607142857142857 0.5317460317460317 0.6507936507936508 0.5132275132275133 0.6408730158730159 0.5066137566137566
1 0.2777777777777778 0.541005291005291 0.2777777777777778 0.5582010582010583 0.28869047619047616 0.5925925925925926 0.33630952380952384 0.6785714285714286 0.35714285714285715 0.6957671957671958 0.376984126984127 0.6931216931216931 0.3869047619047619 0.6785714285714286 0.3878968253968254 0.578042328042328 0.3630952380952381 0.6243386243386243 0.3472222222222222 0.6296296296296297 0.3373015873015873 0.6243386243386243 0.3125 0.5793650793650794 0.29464285714285715 0.5066137566137566 0.2876984126984127 0.5119047619047619