0 0.32837301587301587 0.164021164021164 0.33134920634920634 0.18253968253968253 0.36408730158730157 0.07804232804232804 0.4027777777777778 0.006613756613756613 0.4017857142857143 0 0.3968253968253968 0 0.3611111111111111 0.06349206349206349 0.34523809523809523 0.10317460317460317
0 0.6061507936507936 0.0291005291005291 0.5962301587301587 0.09523809523809523 0.5902777777777778 0.10449735449735449 0.5843253968253969 0.1574074074074074 0.5545634920634921 0.25396825396825395 0.5565476190476191 0.26455026455026454 0.5634920634920635 0.25396825396825395 0.5952380952380952 0.14153439153439154 0.6200396825396826 0 0.6150793650793651 0 0.6111111111111112 0.02513227513227513
0 0.5952380952380952 0.13756613756613756 0.6031746031746031 0.27645502645502645 0.6081349206349206 0.2791005291005291 0.5982142857142857 0.14153439153439154
0 0.6359126984126984 0 0.6329365079365079 0.005291005291005291 0.6527777777777778 0.07407407407407407 0.6736111111111112 0.23015873015873015 0.6795634920634921 0.25 0.6795634920634921 0.22354497354497355 0.6577380952380952 0.07804232804232804 0.6507936507936508 0.041005291005291
0 0.6904761904761905 0 0.685515873015873 0 0.7113095238095238 0.051587301587301584 0.7301587301587301 0.1164021164021164 0.7331349206349206 0.10846560846560846 0.7242063492063492 0.07142857142857142
0 0.8134920634920635 0.14153439153439154 0.810515873015873 0.14682539682539683 0.8541666666666666 0.20767195767195767 0.8541666666666666 0.1984126984126984
0 0.7867063492063492 0.19576719576719576 0.7996031746031746 0.23148148148148148 0.8015873015873016 0.21957671957671956
1 0.2509920634920635 0.31216931216931215 0.2509920634920635 0.3584656084656085 0.2619047619047619 0.4007936507936508 0.2767857142857143 0.42724867724867727 0.2867063492063492 0.42724867724867727 0.33134920634920634 0.36772486772486773 0.34325396825396826 0.3253968253968254 0.3412698412698413 0.2962962962962963 0.3353174603174603 0.2804232804232804 0.31646825396825395 0.2566137566137566 0.28869047619047616 0.25132275132275134 0.2748015873015873 0.25793650793650796 0.2648809523809524 0.2724867724867725
1 0.47619047619047616 0.37566137566137564 0.4751984126984127 0.43386243386243384 0.4871031746031746 0.4880952380952381 0.49702380952380953 0.5013227513227513 0.5119047619047619 0.5092592592592593 0.5277777777777778 0.5052910052910053 0.5406746031746031 0.4947089947089947 0.5575396825396826 0.4669312169312169 0.5744047619047619 0.4193121693121693 0.5813492063492064 0.38095238095238093 0.5813492063492064 0.3544973544973545 0.5753968253968254 0.33201058201058203 0.5575396825396826 0.31084656084656087 0.5307539682539683 0.29894179894179895 0.5099206349206349 0.3082010582010582 0.4930555555555556 0.32407407407407407 0.48214285714285715 0.34656084656084657
1 0.5833333333333334 0.3531746031746032 0.5793650793650794 0.41798941798941797 0.5882936507936508 0.4497354497354497 0.6160714285714286 0.4801587301587302 0.6329365079365079 0.48148148148148145 0.6438492063492064 0.47354497354497355 0.6577380952380952 0.4444444444444444 0.6626984126984127 0.414021164021164 0.6626984126984127 0.3994708994708995 0.6498015873015873 0.3412698412698413 0.6349206349206349 0.32407407407407407 0.6190476190476191 0.32275132275132273 0.5992063492063492 0.33465608465608465
1 0.6547619047619048 0.26322751322751325 0.6636904761904762 0.27380952380952384 0.6626984126984127 0.28174603174603174 0.6488095238095238 0.30952380952380953 0.6567460317460317 0.31746031746031744 0.6527777777777778 0.3425925925925926 0.6626984126984127 0.39021164021164023 0.6785714285714286 0.41534391534391535 0.6904761904761905 0.4246031746031746 0.6994047619047619 0.4246031746031746 0.7152777777777778 0.41005291005291006 0.7242063492063492 0.38227513227513227 0.7212301587301587 0.32142857142857145 0.7073412698412699 0.2857142857142857 0.6954365079365079 0.27645502645502645 0.6974206349206349 0.25925925925925924 0.7063492063492064 0.25132275132275134 0.6924603174603174 0.23677248677248677 0.685515873015873 0.25793650793650796 0.6716269841269841 0.24735449735449735 0.6636904761904762 0.25925925925925924
1 0.7222222222222222 0.2857142857142857 0.7172619047619048 0.30687830687830686 0.7251984126984127 0.335978835978836 0.7261904761904762 0.37037037037037035 0.7440476190476191 0.4074074074074074 0.7569444444444444 0.421957671957672 0.7827380952380952 0.4298941798941799 0.7966269841269841 0.4298941798941799 0.8125 0.41798941798941797 0.8273809523809523 0.3835978835978836 0.8283730158730159 0.3531746031746032 0.8253968253968254 0.328042328042328 0.8075396825396826 0.26587301587301587 0.7817460317460317 0.24603174603174602 0.7628968253968254 0.24735449735449735 0.7351190476190477 0.26455026455026454
1 0.8194444444444444 0.23544973544973544 0.8204365079365079 0.2751322751322751 0.8511904761904762 0.291005291005291 0.8650793650793651 0.2896825396825397 0.8740079365079365 0.2804232804232804 0.8759920634920635 0.2605820105820106 0.873015873015873 0.2526455026455027 0.8521825396825397 0.22883597883597884 0.8412698412698413 0.22354497354497355 0.8273809523809523 0.23544973544973544
1 0.8601190476190477 0.19576719576719576 0.8571428571428571 0.20502645502645503 0.8660714285714286 0.23015873015873015 0.875 0.24074074074074073 0.9017857142857143 0.24206349206349206 0.9146825396825397 0.23015873015873015 0.9126984126984127 0.21428571428571427 0.8829365079365079 0.18783068783068782 0.8700396825396826 0.18386243386243387