1 0.3546875 0.5520833333333334 0.366796875 0.5458333333333333 0.37734375 0.5298611111111111 0.38671875 0.49930555555555556 0.38671875 0.48680555555555555 0.3859375 0.46458333333333335 0.38125 0.44930555555555557 0.351171875 0.4222222222222222 0.341015625 0.42916666666666664 0.32734375 0.45208333333333334 0.3234375 0.4673611111111111 0.3234375 0.49236111111111114 0.3265625 0.5145833333333333 0.334375 0.5368055555555555 0.347265625 0.5513888888888889
1 0.4328125 0.5493055555555556 0.441796875 0.5444444444444444 0.4484375 0.5326388888888889 0.45546875 0.48125 0.4515625 0.4576388888888889 0.44296875 0.4326388888888889 0.431640625 0.41805555555555557 0.421484375 0.4152777777777778 0.39375 0.4395833333333333 0.38671875 0.46319444444444446 0.38671875 0.4951388888888889 0.39140625 0.5145833333333333 0.406640625 0.5388888888888889 0.421484375 0.5486111111111112
1 0.86875 0.6215277777777778 0.887109375 0.6138888888888889 0.8984375 0.5923611111111111 0.90390625 0.5673611111111111 0.903125 0.5368055555555555 0.89921875 0.5173611111111112 0.887109375 0.4888888888888889 0.871484375 0.4736111111111111 0.855859375 0.4708333333333333 0.830078125 0.47638888888888886 0.81484375 0.4979166666666667 0.8078125 0.5256944444444445 0.8125 0.5659722222222222 0.831640625 0.6 0.848828125 0.6138888888888889
1 0.78828125 0.6895833333333333 0.798046875 0.6819444444444445 0.809375 0.6618055555555555 0.81875 0.6326388888888889 0.821875 0.6090277777777777 0.81953125 0.58125 0.80546875 0.5506944444444445 0.8046875 0.5395833333333333 0.800390625 0.5375 0.783203125 0.5375 0.78125 0.5451388888888888 0.784375 0.5618055555555556 0.78359375 0.5923611111111111 0.8 0.6076388888888888 0.803125 0.6201388888888889 0.8015625 0.6340277777777777 0.789453125 0.6541666666666667 0.764453125 0.6625 0.76171875 0.66875 0.774609375 0.6875
1 0.2359375 0.7770833333333333 0.239453125 0.775 0.240625 0.7715277777777778 0.240625 0.7590277777777777 0.23984375 0.7576388888888889 0.23984375 0.7548611111111111 0.2375 0.7465277777777778 0.234765625 0.7416666666666667 0.227734375 0.7347222222222223 0.223828125 0.7347222222222223 0.22265625 0.7409722222222223 0.2234375 0.7423611111111111 0.2234375 0.7465277777777778 0.225 0.7506944444444444 0.225 0.7534722222222222 0.22578125 0.7548611111111111 0.22578125 0.7576388888888889 0.2265625 0.7590277777777777 0.2265625 0.7618055555555555 0.22734375 0.7631944444444444 0.22734375 0.7659722222222223 0.22890625 0.7715277777777778 0.230859375 0.775 0.232421875 0.775 0.235546875 0.7777777777777778
1 0.22421875 0.7229166666666667 0.228125 0.7173611111111111 0.23125 0.70625 0.23203125 0.6979166666666666 0.2328125 0.6965277777777777 0.2328125 0.6826388888888889 0.23203125 0.68125 0.23125 0.6743055555555556 0.227734375 0.6680555555555555 0.224609375 0.6652777777777777 0.223046875 0.6652777777777777 0.21796875 0.6756944444444445 0.215625 0.6826388888888889 0.215625 0.6854166666666667 0.21484375 0.6868055555555556 0.21484375 0.6965277777777777 0.21640625 0.7006944444444444 0.2171875 0.7076388888888889 0.21953125 0.7145833333333333 0.21953125 0.7173611111111111 0.222265625 0.7222222222222222
1 0.20546875 0.8159722222222222 0.2078125 0.8076388888888889 0.21953125 0.7895833333333333 0.21953125 0.7756944444444445 0.21171875 0.7534722222222222 0.209375 0.7423611111111111 0.206640625 0.7388888888888889 0.203515625 0.7388888888888889 0.190625 0.7590277777777777 0.1890625 0.7659722222222223 0.1890625 0.7743055555555556 0.19296875 0.79375 0.196875 0.80625 0.203515625 0.8166666666666667
1 0.1859375 0.7798611111111111 0.18984375 0.7729166666666667 0.1921875 0.7645833333333333 0.1921875 0.7465277777777778 0.189453125 0.7361111111111112 0.185546875 0.7361111111111112 0.18359375 0.7409722222222223 0.18359375 0.7451388888888889 0.1828125 0.7465277777777778 0.1828125 0.7548611111111111 0.18203125 0.75625 0.18203125 0.7715277777777778 0.1828125 0.7729166666666667 0.1828125 0.7770833333333333 0.18359375 0.7798611111111111
1 0.15703125 0.8159722222222222 0.16015625 0.8104166666666667 0.16015625 0.7826388888888889 0.15390625 0.7618055555555555 0.15390625 0.7590277777777777 0.150390625 0.7527777777777778 0.148046875 0.7527777777777778 0.147265625 0.7513888888888889 0.141015625 0.7527777777777778 0.1375 0.7590277777777777 0.1359375 0.7673611111111112 0.1359375 0.7729166666666667 0.13515625 0.7743055555555556 0.1359375 0.7756944444444445 0.13671875 0.7868055555555555 0.14140625 0.8020833333333334 0.147265625 0.8125 0.153515625 0.8166666666666667
0 0.38901883274952176 0.34216659609886785 0.3822852475152376 0.3387511330902373 0.3833559315132724 0.33228114205260495 0.385336685146787 0.32552570812021187 0.38747805314285666 0.318199394931517 0.3902618197748973 0.31172940389388465 0.39416980607523083 0.3039273612582146 0.3974889147062889 0.29859913526640547 0.4020928426646326 0.29469811721518024 0.4051978159664399 0.307257500053138 0.4011827730291528 0.3115391108084507 0.3986666626930585 0.3159158713730901 0.3964182307082541 0.3201974821284027 0.39315266509923513 0.32733349569844417 0.39101130445494664 0.33361320018386215
0 0.19082421643073316 0.6280383729523484 0.1907896645095481 0.6223056054851209 0.19058130588611805 0.6163186918261271 0.18936493368470814 0.6087640185354144 0.18863658883825923 0.6027401129242196 0.1848513578993727 0.6047151794086458 0.18547643853868623 0.6113810298530923 0.18589316532359282 0.6154545997094367 0.18582221912997482 0.6191347514175174 0.18587431934644455 0.6260794395236462 0.18577011891350512 0.6290424915287177