0 0.3023520714018914 0.3327764500213358 0.3003367946888392 0.33360660077244797 0.2988828765613922 0.3350949680010877 0.29784788469714085 0.3360361413821621 0.29652949727935024 0.3375026192771713 0.29431165491125766 0.3414424136938164 0.2947182594488128 0.3436749640775527 0.29394201348252674 0.3463452717436127 0.29332594788147126 0.3498473097963805 0.29253738018954456 0.35402786851403206 0.2923816399633462 0.35938552859008055 0.29551102282753566 0.36013055896342033 0.2961024866326223 0.3565009328961215 0.296672440201609 0.3522791034659341 0.29765104493639105 0.3476982235913648 0.29923186588680317 0.3438966674379106 0.3007589175644806 0.3409738647909372 0.30208164636676677 0.33925456793741443 0.30283830871543826 0.33901465459177327
0 0.735617335000735 0.4271776132024289 0.7324172511970629 0.4274310996601476 0.7322277112695853 0.4203364764188189 0.7315507952928401 0.41432900365336517 0.7310634192435727 0.4093747913280528 0.729723123746281 0.4050939674776995 0.7283828305213504 0.4020156207402638 0.7250117893661845 0.3995625658959882 0.7239016477096891 0.39891322773024934 0.7226731511492218 0.3989655857544323 0.7226493115919609 0.3922958544725051 0.7245087390399246 0.3926981572813964 0.726618475837226 0.3939897543959959 0.7287401324131578 0.3958953911435587 0.7307425932034192 0.3978433766775132 0.7320608210993216 0.40046257011665715 0.7330793509262009 0.40375812580095594 0.7338250597185949 0.4066336565588021 0.7346102766271391 0.41260521461987726 0.734819437639445 0.4169959824936767 0.7352650440571049 0.42253703357977423
1 0.28675 0.4757777777777778 0.294375 0.47333333333333333 0.301875 0.4666666666666667 0.30925 0.45355555555555555 0.3125 0.43933333333333335 0.313 0.43177777777777776 0.3115 0.4202222222222222 0.30575 0.402 0.302625 0.3968888888888889 0.293125 0.39511111111111114 0.281875 0.39955555555555555 0.277 0.4046666666666667 0.274 0.4108888888888889 0.2725 0.4171111111111111 0.27025 0.4335555555555556 0.27075 0.4468888888888889 0.27275 0.46066666666666667 0.276625 0.4728888888888889 0.279625 0.4751111111111111
1 0.3095 0.5251111111111111 0.314375 0.5217777777777778 0.32125 0.5095555555555555 0.32425 0.49933333333333335 0.326 0.4882222222222222 0.326 0.478 0.324 0.4673333333333333 0.320125 0.45866666666666667 0.316625 0.45511111111111113 0.309625 0.45466666666666666 0.302125 0.4666666666666667 0.294375 0.47333333333333333 0.287625 0.47644444444444445 0.28575 0.4811111111111111 0.28675 0.4948888888888889 0.2915 0.5086666666666667 0.300875 0.5244444444444445
1 0.26925 0.48777777777777775 0.274125 0.4866666666666667 0.279875 0.4817777777777778 0.2805 0.47444444444444445 0.278125 0.47333333333333333 0.2755 0.4691111111111111 0.27275 0.4602222222222222 0.2705 0.4335555555555556 0.26925 0.4282222222222222 0.262875 0.42044444444444445 0.258875 0.42 0.2545 0.4268888888888889 0.251 0.43666666666666665 0.24975 0.446 0.2505 0.4637777777777778 0.25475 0.478 0.258875 0.48533333333333334 0.263125 0.4875555555555556
1 0.7654540865139384 0.5286486890242232 0.7709137071437345 0.522867993920691 0.7753032427898834 0.5086763961100038 0.7765838241490998 0.4960482768073495 0.7754035894684825 0.47937437993168247 0.77290809526399 0.47085698069706805 0.7700135715938968 0.4653861398677697 0.7665488738763911 0.4619824689705389 0.7632986074732289 0.4600368234852157 0.7559847362054449 0.4587083801451978 0.749484736205445 0.4622639357007534 0.7393071318016528 0.4792592373968293 0.7382795750624693 0.4853495507011114 0.738243201028156 0.4873527334680932 0.7385523776487927 0.4961665707430371 0.7399345772159914 0.5033392472129186 0.7439993372021964 0.5028707621998604 0.7482550587698824 0.5035331038283933 0.749864594716026 0.5057301404993411 0.751119487071004 0.5059239957590613 0.7514286895558524 0.50818931992012 0.7505603255984109 0.5091274294367991 0.7489292069610018 0.5101489291098239 0.7427685082051032 0.5097528363644325 0.743648609152874 0.5120251498927237 0.7450567683057582 0.515423193791305 0.7488705338271003 0.5210310138495434 0.756234736205445 0.5271528245896423 0.7608243276333888 0.5291918347009295
1 0.7211967814115829 0.5798240844618606 0.732321781411583 0.5716018622396385 0.7364467814115829 0.5638240844618607 0.7404467814115829 0.5509351955729718 0.740946781411583 0.5393796400174162 0.7386967814115829 0.529157417795194 0.7364467814115829 0.5224907511285274 0.7308217814115829 0.515157417795194 0.7238217814115829 0.5142685289063051 0.7158217814115829 0.5173796400174162 0.709071781411583 0.5222685289063052 0.7061967814115829 0.5278240844618607 0.704696781411583 0.5496018622396385 0.7054467814115829 0.557157417795194 0.7084467814115829 0.5696018622396385 0.714571781411583 0.579157417795194
1 0.7021562602446402 0.5128322539714922 0.7067812602446402 0.5094989206381588 0.7147812602446402 0.5077211428603811 0.7205312602446402 0.5001655873048255 0.7235312602446402 0.5019433650826033 0.7295312602446402 0.5014989206381589 0.7316562602446401 0.49727669841593664 0.7311562602446402 0.4928322539714922 0.7232812602446402 0.4823878095270478 0.7167812602446402 0.4779433650826033 0.7127812602446402 0.4779433650826033 0.7095312602446402 0.48016558730482556 0.7081562602446402 0.48261003174927 0.7059062602446402 0.49994336508260334 0.7001562602446402 0.5070544761937145 0.7001562602446402 0.5119433650826033
1 0.5062387065364381 0.3925913536689061 0.5108637065364381 0.39059135366890607 0.516238706536438 0.3819246870022394 0.518988706536438 0.3703691314466839 0.5194887065364381 0.35170246478001715 0.5174887065364381 0.34148024255779497 0.5154881129699553 0.3360420545331136 0.5111137065364381 0.3297024647800172 0.5018637065364381 0.32703579811335054 0.4914887065364381 0.3370357981133505 0.4919887065364381 0.34548024255779497 0.4941137065364381 0.34748024255779497 0.503113706536438 0.3408135758911283 0.5106137065364381 0.3390357981133505 0.5140836455272115 0.3417284913748661 0.5162720043250764 0.3446297352577575 0.5163699880033576 0.3505482788172147 0.5144102650977727 0.3568729920889005 0.5106137065364381 0.3639246870022394 0.5053637065364381 0.36925802033557276 0.5018637065364381 0.37148024255779494 0.4936137065364381 0.36925802033557276 0.4924887065364381 0.37170246478001717 0.4927387065364381 0.3788135758911283 0.4976137065364381 0.38836913144668384 0.5016137065364381 0.39148024255779496
1 0.463 0.3691111111111111 0.466875 0.3662222222222222 0.467625 0.3626666666666667 0.474375 0.3551111111111111 0.489375 0.3488888888888889 0.491 0.3433333333333333 0.49025 0.33755555555555555 0.488625 0.33466666666666667 0.48483885665892323 0.3368828474393203 0.47956176195630934 0.3413049635127784 0.472625 0.3408888888888889 0.46920557193197326 0.3491979121663706 0.4663542045229716 0.353387442473545 0.46528226113044197 0.3575388849792513 0.4643531929870469 0.3618420005200331 0.4636035675208287 0.36519598502822953
1 0.48 0.39666666666666667 0.482375 0.39644444444444443 0.485625 0.3928888888888889 0.4925 0.37755555555555553 0.494 0.3695555555555556 0.49024871252513985 0.36453580507125216 0.48639875576557406 0.36264903792173603 0.47259201255415206 0.37001922642925095 0.46857610991079296 0.37426445746391085 0.46725 0.37666666666666665 0.47075 0.39355555555555555 0.474125 0.39644444444444443