0 0.6149747578809215 0.5494633661561958 0.6146228729547681 0.544199594693263 0.6143380774031545 0.5404963263223633 0.6139735407797127 0.5371775453031357 0.61302802283712 0.5342634954990738 0.6148620999943972 0.5319767761913915 0.6156709162251811 0.5353562650247523 0.6160354528486228 0.5389583531393265 0.6164227737280568 0.5435520271266323 0.6167417437515865 0.5491331463313504
0 0.2681098292017503 0.5850246612775459 0.26924643187112396 0.5897015373258783 0.2679179856863182 0.5912562698989114 0.26679271439543456 0.5934773154332577 0.2656936798424928 0.5961104159105747 0.2645604457252964 0.5985404439875338 0.2636146686830797 0.6008344076104646 0.26304433679111056 0.6031893784045782 0.2602849290265192 0.5997324833799582 0.26184485756112813 0.5944576245324449 0.2633873190930082 0.5906731148714935 0.26506685763215826 0.5883051796849385 0.2663974371292324 0.5861659614413723
0 0.4018432432675468 0.463710881606171 0.4028617730944261 0.4626446729325686 0.4051898393076366 0.4624023521632253 0.4068267624617498 0.463484716006702 0.4083272743354205 0.4646963171419104 0.4090729831278144 0.46577868098538705 0.41012789011022494 0.46763646857925406 0.4118739386253331 0.4632262414232385 0.41030067396699976 0.46117459721389686 0.40852734258524326 0.45951066487975023 0.40692679658666114 0.4577174966096264 0.4061719935053844 0.45658666861228103 0.4031436868913947 0.4566028237821554 0.4019432773924581 0.4586383128216227 0.4001517574329361 0.46083534949257043
1 0.2645371396194687 0.7251434787870904 0.26866213961946867 0.7226990343426459 0.27529273754848577 0.7156828871363319 0.2811698794669059 0.7027239176402702 0.2840371396194687 0.6958101454537571 0.28728713961946867 0.6851434787870904 0.28678713961946867 0.6771434787870905 0.2850371396194687 0.6695879232315348 0.2784121396194687 0.654699034342646 0.2631621396194687 0.6533657010093127 0.2564121396194687 0.6591434787870905 0.25053713961946866 0.672699034342646 0.2490371396194687 0.6869212565648682 0.25103713961946866 0.7091434787870904 0.2566621396194687 0.7213657010093126 0.2604121396194687 0.7244768121204237
1 0.275614288818923 0.737602441073287 0.279739288818923 0.7373802188510648 0.285489288818923 0.7329357744066203 0.289614288818923 0.7251579966288425 0.292864288818923 0.713602441073287 0.293864288818923 0.7060468855177314 0.293114288818923 0.6913802188510647 0.290989288818923 0.6858246632955092 0.287239288818923 0.6827135521843981 0.2859061701249901 0.6922216134180338 0.281895884163773 0.7030924099575866 0.2742555979290171 0.7183112421288689 0.26917359406444336 0.7234088497610704 0.263364288818923 0.725602441073287 0.266739288818923 0.7329357744066203
1 0.24210223917798415 0.7184069230065525 0.24822723917798417 0.715962478562108 0.25097723917798415 0.7132958118954413 0.25160223917798413 0.7108513674509969 0.24860223917798416 0.6837402563398858 0.24422723917798417 0.6755180341176635 0.23660223917798415 0.6704069230065525 0.24210223917798415 0.6632958118954414 0.24047723917798416 0.6564069230065525 0.23422723917798416 0.6608513674509969 0.22835223917798417 0.6695180341176635 0.22485223917798416 0.6797402563398858 0.22410223917798416 0.6917402563398858 0.22560223917798417 0.7041847007843303 0.22922723917798415 0.7124069230065525 0.23297723917798416 0.7164069230065525
1 0.6393047116367744 0.6266819690364136 0.6434297116367744 0.6233486357030802 0.6460547116367744 0.6169041912586357 0.6480547116367744 0.6017930801475246 0.6478047116367744 0.5937930801475246 0.6455547116367744 0.5840153023697469 0.6424297116367744 0.5784597468141913 0.6384297116367744 0.5762375245919691 0.6349297116367744 0.581126413480858 0.6299297116367744 0.5820153023697469 0.6278047116367744 0.5844597468141913 0.6280547116367744 0.5995708579253024 0.6249297116367745 0.6069041912586358 0.6223047116367744 0.6089041912586358 0.6230547116367744 0.6155708579253024 0.6289297116367745 0.6233486357030802 0.6339297116367744 0.6269041912586357
1 0.60425 0.6202222222222222 0.607875 0.6182222222222222 0.6085 0.6162222222222222 0.6060762991863855 0.6087776255057834 0.5991675894020987 0.5944001196034208 0.5922588823787732 0.5887309380541578 0.591125 0.588 0.58825 0.5957777777777777 0.58825 0.6042222222222222 0.595125 0.6044444444444445 0.597625 0.6062222222222222 0.59925 0.6095555555555555 0.6 0.6184444444444445
1 0.6085107990760757 0.6676199357312339 0.6124586371827561 0.6645807929273975 0.6154853025728907 0.660781859517689 0.6189725570822596 0.6541191045057675 0.6210451667043919 0.647105687470948 0.6220979268459939 0.6410273920534494 0.6216702428659079 0.6342477529705036 0.6201569046489176 0.6286370183616655 0.6181500887393134 0.6251303098442557 0.6152879103914604 0.6235522865969998 0.6034115130199629 0.6256563126884283 0.6001545503092496 0.6270590000193224 0.5955 0.6313333333333333 0.59475 0.642 0.5952855532908309 0.6504370600719959 0.5971607790144174 0.6582102726176001 0.5993649815835289 0.6629443276446295 0.6038062973828231 0.6675030516602098
1 0.408 0.5633333333333334 0.40875 0.5611111111111111 0.40975 0.5535555555555556 0.41025 0.5517777777777778 0.41025 0.5455555555555556 0.41 0.5451111111111111 0.41 0.5437777777777778 0.408125 0.54 0.40775 0.5402222222222223 0.4075 0.5415555555555556 0.406 0.5442222222222223 0.406 0.5455555555555556 0.405 0.5504444444444444 0.405 0.5548888888888889 0.40475 0.5553333333333333 0.40475 0.558
1 0.41675 0.5668888888888889 0.417875 0.5662222222222222 0.41975 0.5628888888888889 0.4215 0.5575555555555556 0.422 0.5526666666666666 0.42375 0.5491111111111111 0.42425 0.5464444444444444 0.42425 0.5437777777777778 0.423625 0.5422222222222223 0.416125 0.5426666666666666 0.414125 0.5444444444444444 0.413 0.5473333333333333 0.41275 0.5526666666666666 0.4135 0.5566666666666666 0.4135 0.5651111111111111 0.415375 0.5671111111111111
1 0.42111842198113236 0.5191070392204499 0.4240637760266966 0.5167163604837199 0.4275637760266966 0.5131608049281644 0.43131377602669657 0.5056052493726089 0.43393877602669656 0.5022719160392756 0.43709801449653346 0.4984413597620521 0.4360572022993264 0.49705458134389696 0.4336887760266966 0.49693858270594216 0.43224597426651645 0.4972993071484553 0.42768474898256476 0.49767999097265136 0.42561842090247487 0.5031455202490172 0.42468474713258775 0.5040700361517644 0.4232153632425268 0.503961270648861 0.4214245435178499 0.504695448062536 0.42026956546471567 0.5054736633792699 0.41947905500687066 0.5061491761945234 0.4182408728563735 0.5093180321403064 0.41655719926626267 0.5121187769293167 0.41615923818563133 0.5185088221084299 0.4155469925431141 0.5266119456374339 0.4188837265420314 0.520765732536872