0 0.31646825396825395 0.25925925925925924 0.31547619047619047 0.26851851851851855 0.32242063492063494 0.2698412698412698 0.3333333333333333 0.20899470899470898 0.3611111111111111 0.1335978835978836 0.35912698412698413 0.12169312169312169 0.33134920634920634 0.18915343915343916
0 0.2867063492063492 0.18518518518518517 0.2857142857142857 0.19576719576719576 0.2896825396825397 0.1970899470899471 0.32142857142857145 0.13227513227513227 0.37003968253968256 0.06878306878306878 0.35912698412698413 0.07407407407407407 0.3134920634920635 0.12962962962962962
0 0.017857142857142856 0.017195767195767195 0.013888888888888888 0.021164021164021163 0.0763888888888889 0.18518518518518517 0.08333333333333333 0.18386243386243387 0.03273809523809524 0.04365079365079365
0 0.4246031746031746 0.14417989417989419 0.42162698412698413 0.20634920634920634 0.42658730158730157 0.19576719576719576 0.4384920634920635 0.08862433862433862 0.44742063492063494 0.05423280423280423 0.4573412698412698 0.03439153439153439 0.4494047619047619 0.03439153439153439 0.439484126984127 0.0582010582010582 0.42857142857142855 0.10449735449735449
0 0.46924603174603174 0.10714285714285714 0.4712301587301587 0.25793650793650796 0.4801587301587302 0.3558201058201058 0.4880952380952381 0.34523809523809523 0.4801587301587302 0.27380952380952384 0.4742063492063492 0.15079365079365079 0.4781746031746032 0.06084656084656084 0.48412698412698413 0.03042328042328042 0.48115079365079366 0.026455026455026454 0.4742063492063492 0.03968253968253968
0 0.5466269841269841 0.07936507936507936 0.5625 0.18783068783068782 0.5724206349206349 0.3835978835978836 0.5783730158730159 0.3862433862433862 0.5694444444444444 0.19444444444444445 0.5565476190476191 0.10185185185185185 0.5515873015873016 0.07936507936507936
1 0.03571428571428571 0.2896825396825397 0.028769841269841268 0.3148148148148148 0.03571428571428571 0.373015873015873 0.0496031746031746 0.42592592592592593 0.057539682539682536 0.44576719576719576 0.06845238095238096 0.45634920634920634 0.0744047619047619 0.4603174603174603 0.0882936507936508 0.45634920634920634 0.13392857142857142 0.35978835978835977 0.1388888888888889 0.328042328042328 0.1349206349206349 0.30952380952380953 0.12103174603174603 0.2791005291005291 0.10813492063492064 0.2671957671957672 0.08432539682539683 0.25793650793650796 0.06448412698412699 0.25793650793650796
1 0.20238095238095238 0.36904761904761907 0.20238095238095238 0.4021164021164021 0.21329365079365079 0.41534391534391535 0.23214285714285715 0.41005291005291006 0.25496031746031744 0.3862433862433862 0.25 0.36507936507936506 0.26884920634920634 0.35185185185185186 0.27380952380952384 0.34523809523809523 0.2777777777777778 0.32407407407407407 0.2867063492063492 0.31613756613756616 0.28273809523809523 0.2791005291005291 0.2757936507936508 0.26455026455026454 0.2648809523809524 0.2552910052910053 0.25 0.2566137566137566 0.21924603174603174 0.2857142857142857
1 0.2906746031746032 0.3835978835978836 0.2876984126984127 0.41534391534391535 0.30357142857142855 0.4722222222222222 0.31746031746031744 0.5 0.33134920634920634 0.5013227513227513 0.3382936507936508 0.48677248677248675 0.3402777777777778 0.4576719576719577 0.3353174603174603 0.3955026455026455 0.3273809523809524 0.376984126984127 0.31547619047619047 0.3664021164021164 0.2996031746031746 0.37037037037037035
1 0.4791666666666667 0.4193121693121693 0.48313492063492064 0.4444444444444444 0.4930555555555556 0.4576719576719577 0.5109126984126984 0.4722222222222222 0.5257936507936508 0.4669312169312169 0.5257936507936508 0.42063492063492064 0.5089285714285714 0.3955026455026455 0.49404761904761907 0.3955026455026455
1 0.5704365079365079 0.4775132275132275 0.5734126984126984 0.49867724867724866 0.5833333333333334 0.5198412698412699 0.5952380952380952 0.533068783068783 0.6051587301587301 0.5317460317460317 0.6111111111111112 0.5224867724867724 0.6130952380952381 0.4947089947089947 0.6031746031746031 0.4537037037037037 0.5962301587301587 0.44576719576719576 0.5833333333333334 0.44841269841269843