0 0.16071428571428573 0.08597883597883597 0.15674603174603174 0.09126984126984126 0.19047619047619047 0.15476190476190477 0.21329365079365079 0.2208994708994709 0.21726190476190477 0.21957671957671956 0.21726190476190477 0.21164021164021163 0.20634920634920634 0.1746031746031746 0.16964285714285715 0.10185185185185185 0.17063492063492064 0.09391534391534391 0.19543650793650794 0.11243386243386243 0.22718253968253968 0.14682539682539683 0.25793650793650796 0.1917989417989418 0.2619047619047619 0.19047619047619047 0.2628968253968254 0.18121693121693122 0.25496031746031744 0.16666666666666666 0.21626984126984128 0.11772486772486772 0.18353174603174602 0.0873015873015873 0.16964285714285715 0.08068783068783068
0 0.16170634920634921 0.09259259259259259 0.19146825396825398 0.1574074074074074 0.2113095238095238 0.21957671957671956 0.21825396825396826 0.21957671957671956 0.2003968253968254 0.15873015873015872 0.16964285714285715 0.10052910052910052
0 0.057539682539682536 0.13624338624338625 0.05654761904761905 0.15079365079365079 0.06349206349206349 0.17857142857142858 0.06746031746031746 0.18253968253968253 0.0744047619047619 0.20899470899470898 0.08134920634920635 0.21693121693121692 0.08134920634920635 0.20767195767195767
0 0.07341269841269842 0.08465608465608465 0.07043650793650794 0.0873015873015873 0.07043650793650794 0.09523809523809523 0.07341269841269842 0.09656084656084656 0.0992063492063492 0.08068783068783068 0.09623015873015874 0.07407407407407407 0.09126984126984126 0.07407407407407407
0 0.05357142857142857 0.09126984126984126 0.05357142857142857 0.1388888888888889 0.0744047619047619 0.21296296296296297 0.07043650793650794 0.2208994708994709 0.08630952380952381 0.22354497354497355 0.06547619047619048 0.15873015873015872 0.05853174603174603 0.12169312169312169 0.0625 0.08862433862433862 0.08134920634920635 0.056878306878306875 0.07738095238095238 0.05423280423280423 0.06646825396825397 0.06084656084656084 0.05654761904761905 0.07804232804232804
0 0.05257936507936508 0.09656084656084656 0.05357142857142857 0.1402116402116402 0.05952380952380952 0.16666666666666666 0.0744047619047619 0.21296296296296297 0.0873015873015873 0.22354497354497355 0.06746031746031746 0.16666666666666666 0.05853174603174603 0.12301587301587301 0.061507936507936505 0.09126984126984126 0.0763888888888889 0.06349206349206349 0.08134920634920635 0.06084656084656084 0.08134920634920635 0.05555555555555555 0.07242063492063493 0.05555555555555555 0.06349206349206349 0.06481481481481481
0 0.05952380952380952 0.07671957671957672 0.05357142857142857 0.10449735449735449 0.0496031746031746 0.10185185185185185 0 0.1349206349206349 0 0.1455026455026455 0.0496031746031746 0.10978835978835978 0.05555555555555555 0.11507936507936507 0.05357142857142857 0.12037037037037036 0.05654761904761905 0.12301587301587301 0.061507936507936505 0.0992063492063492
0 0.28273809523809523 0.11243386243386243 0.2718253968253968 0.11507936507936507 0.32043650793650796 0.14947089947089948 0.34325396825396826 0.1574074074074074 0.33630952380952384 0.14682539682539683
0 0.8234126984126984 0.15211640211640212 0.8521825396825397 0.18518518518518517 0.8819444444444444 0.23941798941798942 0.8968253968253969 0.2804232804232804 0.9007936507936508 0.28174603174603174 0.8869047619047619 0.23677248677248677 0.8650793650793651 0.19576719576719576 0.8412698412698413 0.16137566137566137 0.8313492063492064 0.15211640211640212
0 0.7609126984126984 0.10714285714285714 0.7579365079365079 0.10978835978835978 0.7757936507936508 0.14153439153439154 0.7926587301587301 0.18386243386243387 0.7966269841269841 0.1746031746031746 0.7837301587301587 0.14153439153439154 0.7718253968253969 0.11772486772486772
1 0.2509920634920635 0.36772486772486773 0.251984126984127 0.414021164021164 0.2906746031746032 0.5026455026455027 0.32341269841269843 0.5582010582010583 0.3382936507936508 0.5714285714285714 0.3621031746031746 0.5714285714285714 0.3759920634920635 0.5436507936507936 0.3978174603174603 0.42857142857142855 0.3948412698412698 0.373015873015873 0.37797619047619047 0.32275132275132273 0.36706349206349204 0.31084656084656087 0.3373015873015873 0.29365079365079366 0.3244047619047619 0.2896825396825397 0.30357142857142855 0.2923280423280423 0.26785714285714285 0.32275132275132273 0.25793650793650796 0.33994708994708994
1 0.16468253968253968 0.49603174603174605 0.16468253968253968 0.5515873015873016 0.17857142857142858 0.6071428571428571 0.20238095238095238 0.6494708994708994 0.2123015873015873 0.656084656084656 0.23214285714285715 0.6534391534391535 0.2619047619047619 0.6190476190476191 0.27976190476190477 0.5886243386243386 0.29365079365079366 0.5436507936507936 0.29662698412698413 0.5238095238095238 0.29365079365079366 0.5132275132275133 0.2767857142857143 0.47883597883597884 0.2648809523809524 0.4708994708994709 0.24801587301587302 0.43915343915343913 0.23313492063492064 0.42592592592592593 0.19444444444444445 0.43253968253968256 0.17559523809523808 0.458994708994709
1 0.75 0.26455026455026454 0.7490079365079365 0.2962962962962963 0.7549603174603174 0.3253968253968254 0.7678571428571429 0.3505291005291005 0.7817460317460317 0.3664021164021164 0.7996031746031746 0.3716931216931217 0.8224206349206349 0.3664021164021164 0.8531746031746031 0.32275132275132273 0.8561507936507936 0.28174603174603174 0.8521825396825397 0.2552910052910053 0.8422619047619048 0.23412698412698413 0.8234126984126984 0.21825396825396826 0.8055555555555556 0.21164021164021163 0.7867063492063492 0.21296296296296297 0.7579365079365079 0.2447089947089947
1 0.7698412698412699 0.48544973544973546 0.7718253968253969 0.5343915343915344 0.7926587301587301 0.6084656084656085 0.8115079365079365 0.6415343915343915 0.8174603174603174 0.6468253968253969 0.8283730158730159 0.6455026455026455 0.8402777777777778 0.6335978835978836 0.8561507936507936 0.5952380952380952 0.873015873015873 0.5714285714285714 0.8839285714285714 0.544973544973545 0.8869047619047619 0.5132275132275133 0.878968253968254 0.47619047619047616 0.8591269841269841 0.455026455026455 0.8244047619047619 0.4312169312169312 0.810515873015873 0.4298941798941799 0.7817460317460317 0.4523809523809524
1 0.4642857142857143 0.11243386243386243 0.46825396825396826 0.15608465608465608 0.47619047619047616 0.1693121693121693 0.49007936507936506 0.17989417989417988 0.5079365079365079 0.18253968253968253 0.5248015873015873 0.17592592592592593 0.5376984126984127 0.16005291005291006 0.5446428571428571 0.14285714285714285 0.5456349206349206 0.11772486772486772 0.5406746031746031 0.09788359788359788 0.4990079365079365 0.07407407407407407 0.4801587301587302 0.08068783068783068
1 0.8878968253968254 0.3505291005291005 0.8898809523809523 0.38095238095238093 0.873015873015873 0.414021164021164 0.876984126984127 0.41534391534391535 0.8869047619047619 0.4801587301587302 0.9097222222222222 0.5052910052910053 0.9206349206349206 0.5092592592592593 0.9375 0.5052910052910053 0.9563492063492064 0.48412698412698413 0.9732142857142857 0.4365079365079365 0.9761904761904762 0.4021164021164021 0.9702380952380952 0.36904761904761907 0.9533730158730159 0.3412698412698413 0.9424603174603174 0.3333333333333333 0.9216269841269841 0.32936507936507936 0.9037698412698413 0.3333333333333333