0 0.03869047619047619 0.06878306878306878 0.03571428571428571 0.07407407407407407 0.05555555555555555 0.10185185185185185 0.08333333333333333 0.164021164021164 0.09126984126984126 0.17328042328042328 0.11904761904761904 0.25396825396825395 0.15376984126984128 0.37962962962962965 0.16765873015873015 0.3941798941798942 0.16765873015873015 0.38227513227513227 0.14583333333333334 0.29894179894179895 0.10615079365079365 0.18386243386243387 0.061507936507936505 0.09788359788359788
0 0.12698412698412698 0.03835978835978836 0.13194444444444445 0.046296296296296294 0.1527777777777778 0.05555555555555555 0.25595238095238093 0.1335978835978836 0.2698412698412698 0.1335978835978836 0.2490079365079365 0.11772486772486772 0.24305555555555555 0.10582010582010581 0.22718253968253968 0.0992063492063492 0.1765873015873016 0.05952380952380952 0.13988095238095238 0.03835978835978836
0 0.37003968253968256 0.06746031746031746 0.3740079365079365 0.082010582010582 0.42956349206349204 0.11243386243386243 0.42857142857142855 0.10317460317460317 0.4146825396825397 0.09126984126984126
0 0.1488095238095238 0.03306878306878307 0.14384920634920634 0.03571428571428571 0.14682539682539683 0.03968253968253968 0.3194444444444444 0.056878306878306875 0.34424603174603174 0.06613756613756613 0.3551587301587302 0.05952380952380952 0.310515873015873 0.042328042328042326 0.26091269841269843 0.03571428571428571 0.24801587301587302 0.0291005291005291 0.1884920634920635 0.026455026455026454
0 0.04861111111111111 0.20502645502645503 0.0496031746031746 0.24735449735449735 0.06349206349206349 0.35978835978835977 0.06944444444444445 0.3968253968253968 0.0744047619047619 0.39814814814814814 0.07539682539682539 0.37962962962962965 0.05357142857142857 0.20502645502645503
0 0.2509920634920635 0.2791005291005291 0.25 0.2843915343915344 0.25892857142857145 0.29894179894179895 0.2748015873015873 0.30423280423280424 0.25793650793650796 0.28174603174603174
0 0.14384920634920634 0.12566137566137567 0.13690476190476192 0.12566137566137567 0.14087301587301587 0.1402116402116402 0.19642857142857142 0.2156084656084656 0.2013888888888889 0.21428571428571427 0.19642857142857142 0.1984126984126984 0.1736111111111111 0.167989417989418 0.17261904761904762 0.1455026455026455
1 0.32242063492063494 0.23015873015873015 0.32142857142857145 0.2830687830687831 0.3244047619047619 0.2923280423280423 0.3601190476190476 0.32671957671957674 0.37103174603174605 0.35714285714285715 0.43452380952380953 0.40343915343915343 0.45634920634920634 0.4060846560846561 0.4623015873015873 0.4007936507936508 0.46726190476190477 0.38095238095238093 0.46726190476190477 0.3558201058201058 0.4523809523809524 0.291005291005291 0.44246031746031744 0.25925925925925924 0.41369047619047616 0.20767195767195767 0.3888888888888889 0.18783068783068782 0.35813492063492064 0.18253968253968253 0.3373015873015873 0.19444444444444445 0.3263888888888889 0.21164021164021163
1 0.30456349206349204 0.42063492063492064 0.30456349206349204 0.4470899470899471 0.3125 0.4722222222222222 0.35615079365079366 0.548941798941799 0.37003968253968256 0.5648148148148148 0.3878968253968254 0.5648148148148148 0.3958333333333333 0.548941798941799 0.39384920634920634 0.4775132275132275 0.39880952380952384 0.43783068783068785 0.3878968253968254 0.3955026455026455 0.3740079365079365 0.38227513227513227 0.35119047619047616 0.36904761904761907 0.34226190476190477 0.36904761904761907 0.310515873015873 0.39814814814814814
1 0.4662698412698413 0.1455026455026455 0.46924603174603174 0.16137566137566137 0.4880952380952381 0.18386243386243387 0.4771825396825397 0.20105820105820105 0.46726190476190477 0.23148148148148148 0.4732142857142857 0.24074074074074073 0.4861111111111111 0.23809523809523808 0.49603174603174605 0.21031746031746032 0.5079365079365079 0.21693121693121692 0.5218253968253969 0.24074074074074073 0.5218253968253969 0.2261904761904762 0.5357142857142857 0.21428571428571427 0.5823412698412699 0.2037037037037037 0.5982142857142857 0.18915343915343916 0.5972222222222222 0.17857142857142858 0.5882936507936508 0.16534391534391535 0.5625 0.14417989417989419 0.5486111111111112 0.12566137566137567 0.5496031746031746 0.11507936507936507 0.5456349206349206 0.10846560846560846 0.5515873015873016 0.09391534391534391 0.5079365079365079 0.12433862433862433 0.5029761904761905 0.13756613756613756 0.4851190476190476 0.15079365079365079
1 0.5773809523809523 0.3253968253968254 0.5763888888888888 0.3505291005291005 0.5813492063492064 0.37433862433862436 0.5873015873015873 0.3915343915343915 0.5982142857142857 0.4021164021164021 0.6091269841269841 0.4007936507936508 0.6240079365079365 0.39021164021164023 0.6418650793650794 0.36904761904761907 0.6488095238095238 0.3492063492063492 0.6488095238095238 0.32275132275132273 0.6369047619047619 0.29894179894179895 0.6279761904761905 0.291005291005291 0.5972222222222222 0.29365079365079366
1 0.16170634920634921 0.32671957671957674 0.15674603174603174 0.335978835978836 0.17162698412698413 0.3915343915343915 0.18452380952380953 0.3505291005291005 0.26091269841269843 0.4007936507936508 0.25396825396825395 0.4351851851851852 0.2837301587301587 0.4246031746031746 0.28075396825396826 0.3888888888888889 0.2638888888888889 0.3478835978835979 0.24107142857142858 0.3253968253968254 0.2222222222222222 0.31746031746031744 0.18055555555555555 0.31746031746031744