0 0.5634920634920635 0.47619047619047616 0.5565476190476191 0.5476190476190477 0.560515873015873 0.5621693121693122 0.5853174603174603 0.3478835978835979 0.5813492063492064 0.3478835978835979 0.5793650793650794 0.35714285714285715
0 0.6121031746031746 0.32275132275132273 0.6121031746031746 0.33465608465608465 0.6309523809523809 0.4007936507936508 0.6388888888888888 0.48148148148148145 0.6448412698412699 0.4828042328042328 0.6349206349206349 0.3915343915343915 0.6259920634920635 0.3531746031746032
0 0.5119047619047619 0.3373015873015873 0.5109126984126984 0.3492063492063492 0.5396825396825397 0.2857142857142857 0.5376984126984127 0.2830687830687831 0.5307539682539683 0.2857142857142857
0 0.4930555555555556 0.42063492063492064 0.48412698412698413 0.49074074074074076 0.48908730158730157 0.5079365079365079 0.49404761904761907 0.4947089947089947 0.4930555555555556 0.46825396825396826 0.4990079365079365 0.414021164021164 0.5119047619047619 0.3544973544973545 0.5029761904761905 0.3664021164021164
0 0.691468253968254 0.40476190476190477 0.6904761904761905 0.4166666666666667 0.7013888888888888 0.43915343915343913 0.7182539682539683 0.4973544973544973 0.7232142857142857 0.5 0.7242063492063492 0.49074074074074076 0.7132936507936508 0.4523809523809524
0 0.3759920634920635 0.24338624338624337 0.3740079365079365 0.24735449735449735 0.37896825396825395 0.25 0.40674603174603174 0.24735449735449735 0.41865079365079366 0.24074074074074073
0 0.2390873015873016 0.2724867724867725 0.2371031746031746 0.2804232804232804 0.2400793650793651 0.2830687830687831 0.2916666666666667 0.2751322751322751 0.35912698412698413 0.25793650793650796 0.3680555555555556 0.25396825396825395 0.36904761904761907 0.24735449735449735 0.3551587301587302 0.24735449735449735 0.2896825396825397 0.2671957671957672
0 0.3382936507936508 0.19576719576719576 0.3373015873015873 0.2037037037037037 0.34424603174603174 0.20899470899470898 0.4375 0.24074074074074073 0.4930555555555556 0.24735449735449735 0.5059523809523809 0.2447089947089947 0.4573412698412698 0.23015873015873015 0.4037698412698413 0.2222222222222222
0 0.28273809523809523 0.2156084656084656 0.29662698412698413 0.23148148148148148 0.35119047619047616 0.2447089947089947 0.373015873015873 0.2447089947089947 0.3373015873015873 0.23677248677248677 0.29662698412698413 0.21693121693121692
1 0.5932539682539683 0.58994708994709 0.5912698412698413 0.6296296296296297 0.6121031746031746 0.705026455026455 0.6259920634920635 0.7235449735449735 0.6359126984126984 0.7288359788359788 0.6527777777777778 0.7301587301587301 0.6656746031746031 0.7235449735449735 0.6815476190476191 0.6984126984126984 0.6974206349206349 0.6507936507936508 0.7003968253968254 0.6177248677248677 0.6934523809523809 0.5912698412698413 0.6765873015873016 0.5753968253968254 0.6607142857142857 0.5462962962962963 0.6478174603174603 0.5370370370370371 0.6279761904761905 0.5436507936507936 0.6121031746031746 0.5423280423280423
1 0.5198412698412699 0.6164021164021164 0.5178571428571429 0.6507936507936508 0.5327380952380952 0.7116402116402116 0.5496031746031746 0.7288359788359788 0.564484126984127 0.7235449735449735 0.5793650793650794 0.6970899470899471 0.5922619047619048 0.6468253968253969 0.5853174603174603 0.6044973544973545 0.5753968253968254 0.5925925925925926 0.5426587301587301 0.5886243386243386 0.5287698412698413 0.6005291005291006
1 0.4513888888888889 0.5396825396825397 0.4503968253968254 0.5661375661375662 0.4593253968253968 0.6018518518518519 0.47023809523809523 0.6097883597883598 0.4861111111111111 0.6044973544973545 0.498015873015873 0.5886243386243386 0.5049603174603174 0.5595238095238095 0.5059523809523809 0.5423280423280423 0.4990079365079365 0.5211640211640212 0.4732142857142857 0.5066137566137566 0.4573412698412698 0.5224867724867724
1 0.6954365079365079 0.414021164021164 0.6944444444444444 0.42063492063492064 0.7053571428571429 0.44841269841269843 0.7043650793650794 0.5886243386243386 0.7093253968253969 0.6084656084656085 0.7371031746031746 0.6587301587301587 0.75 0.6693121693121693 0.7678571428571429 0.667989417989418 0.7787698412698413 0.6468253968253969 0.7807539682539683 0.6243386243386243 0.7797619047619048 0.5846560846560847 0.7698412698412699 0.5555555555555556 0.7688492063492064 0.5370370370370371 0.7817460317460317 0.5277777777777778 0.7857142857142857 0.5105820105820106 0.7619047619047619 0.5251322751322751 0.7509920634920635 0.4947089947089947 0.746031746031746 0.4933862433862434 0.7351190476190477 0.5066137566137566 0.7212301587301587 0.4880952380952381 0.7123015873015873 0.4537037037037037
1 0.04563492063492063 0.047619047619047616 0.044642857142857144 0.06746031746031746 0.051587301587301584 0.08597883597883597 0.07341269841269842 0.09259259259259259 0.0882936507936508 0.082010582010582 0.09325396825396826 0.051587301587301584 0.08531746031746032 0.03835978835978836 0.0625 0.031746031746031744 0.05357142857142857 0.03571428571428571
1 0.9365079365079365 0.12962962962962962 0.935515873015873 0.13756613756613756 0.9454365079365079 0.15476190476190477 0.9543650793650794 0.15079365079365079 0.9553571428571429 0.15873015873015872 0.9920634920634921 0.17063492063492064 0.9920634920634921 0.15608465608465608 0.9990079365079365 0.1402116402116402 0.9990079365079365 0.09788359788359788 0.9632936507936508 0.10185185185185185 0.9464285714285714 0.11375661375661375