0 0.6170634920634921 0.4933862433862434 0.6101190476190477 0.6190476190476191 0.6160714285714286 0.6296296296296297 0.625 0.4973544973544973 0.623015873015873 0.48412698412698413
0 0.5803571428571429 0.09656084656084656 0.5912698412698413 0.24735449735449735 0.5992063492063492 0.2896825396825397 0.6051587301587301 0.2791005291005291 0.5932539682539683 0.164021164021164 0.5932539682539683 0.11243386243386243 0.5882936507936508 0.09788359788359788
0 0.5843253968253969 0.25925925925925924 0.5833333333333334 0.27645502645502645 0.5892857142857143 0.25793650793650796 0.5853174603174603 0.2552910052910053
0 0.560515873015873 0.3505291005291005 0.5565476190476191 0.3716931216931217 0.564484126984127 0.3664021164021164 0.5684523809523809 0.3425925925925926 0.5634920634920635 0.3412698412698413
0 0.5347222222222222 0.4669312169312169 0.5327380952380952 0.4828042328042328 0.5367063492063492 0.4880952380952381 0.5456349206349206 0.45634920634920634 0.5386904761904762 0.455026455026455
0 0.20535714285714285 0.414021164021164 0.20535714285714285 0.42328042328042326 0.21031746031746032 0.42592592592592593 0.22916666666666666 0.4087301587301587 0.3115079365079365 0.30952380952380953 0.30257936507936506 0.30952380952380953 0.24305555555555555 0.37962962962962965
0 0.000992063492063492 0.07275132275132275 0 0.12962962962962962 0.022817460317460316 0.24206349206349206 0.03670634920634921 0.34523809523809523 0.04265873015873016 0.3544973544973545 0.04563492063492063 0.30687830687830686 0.040674603174603176 0.2671957671957672
0 0.6190476190476191 0.18121693121693122 0.6240079365079365 0.26851851851851855 0.626984126984127 0.27116402116402116 0.6309523809523809 0.26851851851851855 0.6319444444444444 0.25396825396825395 0.623015873015873 0.167989417989418
1 0.45535714285714285 0.6574074074074074 0.45634920634920634 0.7248677248677249 0.4632936507936508 0.7526455026455027 0.4801587301587302 0.7923280423280423 0.498015873015873 0.8201058201058201 0.5178571428571429 0.8359788359788359 0.5347222222222222 0.8359788359788359 0.5535714285714286 0.8240740740740741 0.5674603174603174 0.8029100529100529 0.5922619047619048 0.705026455026455 0.5843253968253969 0.6402116402116402 0.5674603174603174 0.5992063492063492 0.5317460317460317 0.5634920634920635 0.5079365079365079 0.5634920634920635 0.46825396825396826 0.6137566137566137
1 0.45535714285714285 0.6574074074074074 0.45634920634920634 0.7261904761904762 0.4662698412698413 0.7619047619047619 0.4801587301587302 0.7923280423280423 0.5009920634920635 0.8240740740740741 0.5178571428571429 0.8359788359788359 0.5347222222222222 0.8359788359788359 0.5535714285714286 0.8240740740740741 0.5674603174603174 0.8029100529100529 0.5922619047619048 0.7076719576719577 0.5843253968253969 0.6415343915343915 0.5694444444444444 0.6018518518518519 0.5327380952380952 0.5648148148148148 0.5218253968253969 0.5608465608465608 0.5079365079365079 0.5634920634920635 0.46924603174603174 0.6124338624338624
1 0.6150793650793651 0.6829537037037037 0.6161815476190476 0.6873597883597884 0.5922619047619048 0.6851851851851852 0.6018521825396825 0.6917671957671958 0.5833333333333334 0.7579365079365079 0.5714285714285714 0.7883597883597884 0.5684523809523809 0.8068783068783069 0.5704365079365079 0.8306878306878307 0.5873015873015873 0.8796296296296297 0.6081349206349206 0.9126984126984127 0.626984126984127 0.9285714285714286 0.6468253968253969 0.9312169312169312 0.6587301587301587 0.9206349206349206 0.6716269841269841 0.8915343915343915 0.6825396825396826 0.8518518518518519 0.685515873015873 0.8148148148148148 0.6785714285714286 0.7605820105820106 0.6706349206349206 0.7314814814814815 0.6527777777777778 0.701058201058201 0.6388888888888888 0.6904761904761905 0.6388888888888888 0.6825396825396826 0.6503531746031747 0.6991111111111111 0.6448412698412699 0.6902976190476191 0.6459434523809524 0.6888293650793651 0.6426369047619048 0.6844219576719577 0.6283065476190476 0.6873597883597884
1 0.6011904761904762 0.3412698412698413 0.6071428571428571 0.3611111111111111 0.6071428571428571 0.36904761904761907 0.6001984126984127 0.38095238095238093 0.6051587301587301 0.4087301587301587 0.6190476190476191 0.421957671957672 0.6448412698412699 0.4113756613756614 0.6597222222222222 0.37962962962962965 0.6597222222222222 0.36243386243386244 0.6527777777777778 0.3412698412698413 0.6339285714285714 0.32142857142857145 0.6259920634920635 0.32142857142857145