0 0.3740079365079365 0.27645502645502645 0.375 0.2843915343915344 0.37996031746031744 0.2830687830687831 0.4007936507936508 0.2208994708994709 0.3958333333333333 0.22354497354497355
0 0.3998015873015873 0.2566137566137566 0.3968253968253968 0.27645502645502645 0.4007936507936508 0.28703703703703703 0.40476190476190477 0.2830687830687831 0.40773809523809523 0.24735449735449735 0.4305555555555556 0.18518518518518517 0.4146825396825397 0.20238095238095238
0 0.5357142857142857 0.19576719576719576 0.5287698412698413 0.18915343915343916 0.5545634920634921 0.25132275132275134 0.5555555555555556 0.24338624338624337 0.5466269841269841 0.21693121693121692
0 0.1974206349206349 0.10317460317460317 0.1636904761904762 0.1111111111111111 0.16765873015873015 0.11507936507936507 0.2003968253968254 0.1111111111111111
0 0.9166666666666666 0.0873015873015873 0.9126984126984127 0.09126984126984126 0.9196428571428571 0.09259259259259259 0.9295634920634921 0.08465608465608465
0 0.3759920634920635 0.24338624338624337 0.3740079365079365 0.24867724867724866 0.3869047619047619 0.23015873015873015 0.3869047619047619 0.22354497354497355
0 0.7817460317460317 0.13227513227513227 0.7757936507936508 0.14153439153439154 0.9027777777777778 0.09656084656084656 0.9057539682539683 0.08994708994708994
0 0.3333333333333333 0.25793650793650796 0.3273809523809524 0.2698412698412698 0.3630952380952381 0.23941798941798942 0.375 0.21825396825396826 0.37896825396825395 0.2208994708994709 0.3878968253968254 0.21296296296296297 0.42956349206349204 0.167989417989418 0.4146825396825397 0.1746031746031746
1 0.3601190476190476 0.36904761904761907 0.35714285714285715 0.38227513227513227 0.35912698412698413 0.4060846560846561 0.36904761904761907 0.4417989417989418 0.40674603174603174 0.5079365079365079 0.4146825396825397 0.5145502645502645 0.42757936507936506 0.5158730158730159 0.44543650793650796 0.49074074074074076 0.45337301587301587 0.4523809523809524 0.45436507936507936 0.3955026455026455 0.44642857142857145 0.36507936507936506 0.4384920634920635 0.35185185185185186 0.4236111111111111 0.3412698412698413 0.3898809523809524 0.3373015873015873 0.375 0.3478835978835979
1 0.5089285714285714 0.35185185185185186 0.5109126984126984 0.39285714285714285 0.5248015873015873 0.4312169312169312 0.5367063492063492 0.44312169312169314 0.5575396825396826 0.43253968253968256 0.566468253968254 0.4193121693121693 0.5704365079365079 0.3994708994708995 0.5704365079365079 0.373015873015873 0.5634920634920635 0.3425925925925926 0.5575396825396826 0.33465608465608465 0.5476190476190477 0.33201058201058203 0.5396825396825397 0.3373015873015873 0.5148809523809523 0.33994708994708994
1 0.5932539682539683 0.25793650793650796 0.5922619047619048 0.2751322751322751 0.5982142857142857 0.29894179894179895 0.6051587301587301 0.31084656084656087 0.6220238095238095 0.32275132275132273 0.6398809523809523 0.32936507936507936 0.6646825396825397 0.32936507936507936 0.685515873015873 0.3134920634920635 0.691468253968254 0.2976190476190476 0.691468253968254 0.28174603174603174 0.6785714285714286 0.2447089947089947 0.6676587301587301 0.22486772486772486 0.6498015873015873 0.21031746031746032 0.6220238095238095 0.20767195767195767 0.6091269841269841 0.2156084656084656