0 0.26785714285714285 0.29894179894179895 0.26884920634920634 0.39021164021164023 0.2757936507936508 0.38492063492063494 0.2767857142857143 0.35185185185185186 0.2748015873015873 0.31613756613756616
0 0.24107142857142858 0.27116402116402116 0.22321428571428573 0.3941798941798942 0.23511904761904762 0.37566137566137564 0.2400793650793651 0.3478835978835979 0.2490079365079365 0.2751322751322751 0.24702380952380953 0.26851851851851855
0 0.7301587301587301 0.07936507936507936 0.7311507936507936 0.14814814814814814 0.7440476190476191 0.22354497354497355 0.75 0.20767195767195767 0.7390873015873016 0.14682539682539683 0.7371031746031746 0.08333333333333333
0 0.7609126984126984 0.09656084656084656 0.7609126984126984 0.10582010582010581 0.7847222222222222 0.1574074074074074 0.7986111111111112 0.2261904761904762 0.808531746031746 0.23412698412698413 0.7867063492063492 0.13624338624338625 0.7718253968253969 0.10449735449735449
0 0.748015873015873 0.09656084656084656 0.7490079365079365 0.1970899470899471 0.751984126984127 0.21031746031746032 0.7559523809523809 0.20767195767195767 0.7579365079365079 0.0992063492063492
0 0.685515873015873 0.14682539682539683 0.6845238095238095 0.15608465608465608 0.689484126984127 0.16137566137566137 0.7013888888888888 0.13095238095238096 0.7242063492063492 0.09523809523809523 0.7083333333333334 0.10317460317460317 0.6944444444444444 0.12301587301587301
1 0.21626984126984128 0.5079365079365079 0.22023809523809523 0.5211640211640212 0.21428571428571427 0.533068783068783 0.2152777777777778 0.544973544973545 0.23214285714285715 0.582010582010582 0.24404761904761904 0.6534391534391535 0.25396825396825395 0.671957671957672 0.27380952380952384 0.6759259259259259 0.2867063492063492 0.6640211640211641 0.29563492063492064 0.6375661375661376 0.32142857142857145 0.5343915343915344 0.32043650793650796 0.503968253968254 0.30257936507936506 0.4748677248677249 0.2906746031746032 0.4669312169312169 0.26091269841269843 0.46296296296296297 0.23015873015873015 0.47883597883597884
1 0.30654761904761907 0.3505291005291005 0.30456349206349204 0.3835978835978836 0.32043650793650796 0.45634920634920634 0.3333333333333333 0.48677248677248675 0.3531746031746032 0.49074074074074076 0.36607142857142855 0.47354497354497355 0.38293650793650796 0.41534391534391535 0.3869047619047619 0.39021164021164023 0.38392857142857145 0.3611111111111111 0.35912698412698413 0.32407407407407407 0.34523809523809523 0.3187830687830688 0.33630952380952384 0.3187830687830688 0.3194444444444444 0.32936507936507936
1 0.4513888888888889 0.3306878306878307 0.4503968253968254 0.376984126984127 0.4603174603174603 0.39285714285714285 0.49007936507936506 0.3888888888888889 0.5069444444444444 0.3664021164021164 0.5128968253968254 0.3478835978835979 0.5128968253968254 0.3201058201058201 0.5029761904761905 0.3002645502645503 0.49206349206349204 0.291005291005291 0.4662698412698413 0.29894179894179895 0.45436507936507936 0.31746031746031744
1 0.1259920634920635 0.5714285714285714 0.125 0.5859788359788359 0.12896825396825398 0.5925925925925926 0.14682539682539683 0.5925925925925926 0.18551587301587302 0.5740740740740741 0.1865079365079365 0.5661375661375662 0.2003968253968254 0.5502645502645502 0.2013888888888889 0.5370370370370371 0.18055555555555555 0.5 0.16468253968253968 0.49603174603174605 0.14781746031746032 0.5145502645502645
1 0.40476190476190477 0.26587301587301587 0.40476190476190477 0.2896825396825397 0.41964285714285715 0.30687830687830686 0.43253968253968256 0.30687830687830686 0.45337301587301587 0.2896825396825397 0.44841269841269843 0.2671957671957672 0.45535714285714285 0.25793650793650796 0.4375 0.2328042328042328 0.41865079365079366 0.22354497354497355 0.4126984126984127 0.2328042328042328
1 0.5248015873015873 0.35978835978835977 0.5238095238095238 0.37962962962962965 0.5327380952380952 0.4126984126984127 0.5436507936507936 0.421957671957672 0.5615079365079365 0.41534391534391535 0.6011904761904762 0.3637566137566138 0.5962301587301587 0.33465608465608465 0.6081349206349206 0.32142857142857145 0.6041666666666666 0.2923280423280423 0.5793650793650794 0.26851851851851855 0.5625 0.27116402116402116 0.5476190476190477 0.28174603174603174 0.5337301587301587 0.3029100529100529 0.5466269841269841 0.32671957671957674 0.5466269841269841 0.33465608465608465 0.5277777777777778 0.3492063492063492
1 0.6041666666666666 0.1931216931216931 0.6031746031746031 0.21693121693121692 0.6190476190476191 0.21957671957671956 0.623015873015873 0.23148148148148148 0.6111111111111112 0.2605820105820106 0.6190476190476191 0.27380952380952384 0.6736111111111112 0.2976190476190476 0.7003968253968254 0.294973544973545 0.7113095238095238 0.2843915343915344 0.7142857142857143 0.24867724867724866 0.6994047619047619 0.18386243386243387 0.6716269841269841 0.14417989417989419 0.6517857142857143 0.13624338624338625 0.6359126984126984 0.14153439153439154 0.6121031746031746 0.1746031746031746
1 0.6021825396825397 0.3888888888888889 0.6041666666666666 0.42592592592592593 0.6537698412698413 0.533068783068783 0.6736111111111112 0.5515873015873016 0.6904761904761905 0.5462962962962963 0.7003968253968254 0.5158730158730159 0.7132936507936508 0.41798941798941797 0.7132936507936508 0.3955026455026455 0.7063492063492064 0.36507936507936506 0.6924603174603174 0.34656084656084657 0.6507936507936508 0.33465608465608465 0.6121031746031746 0.36507936507936506
1 0.7132936507936508 0.3637566137566138 0.7152777777777778 0.39814814814814814 0.7212301587301587 0.41798941798941797 0.7619047619047619 0.5052910052910053 0.7757936507936508 0.5145502645502645 0.7966269841269841 0.5132275132275133 0.810515873015873 0.4894179894179894 0.8244047619047619 0.40476190476190477 0.8303571428571429 0.39021164021164023 0.8303571428571429 0.36243386243386244 0.8194444444444444 0.33465608465608465 0.8005952380952381 0.31613756613756616 0.7619047619047619 0.3134920634920635 0.7271825396825397 0.3333333333333333
1 0.6716269841269841 0.5925925925925926 0.6706349206349206 0.6124338624338624 0.6755952380952381 0.6296296296296297 0.6884920634920635 0.6388888888888888 0.7043650793650794 0.6335978835978836 0.7281746031746031 0.6071428571428571 0.7619047619047619 0.5568783068783069 0.7688492063492064 0.5317460317460317 0.7658730158730159 0.5145502645502645 0.7311507936507936 0.47883597883597884 0.7073412698412699 0.47619047619047616 0.6964285714285714 0.5383597883597884 0.6746031746031746 0.5595238095238095
1 0.8303571428571429 0.39814814814814814 0.8273809523809523 0.4193121693121693 0.8194444444444444 0.43915343915343913 0.814484126984127 0.4748677248677249 0.8174603174603174 0.48544973544973546 0.8115079365079365 0.5198412698412699 0.7857142857142857 0.5304232804232805 0.8273809523809523 0.6428571428571429 0.8432539682539683 0.6534391534391535 0.8521825396825397 0.6534391534391535 0.8690476190476191 0.6375661375661376 0.876984126984127 0.6137566137566137 0.8869047619047619 0.5396825396825397 0.8998015873015873 0.4933862433862434 0.9017857142857143 0.4603174603174603 0.8918650793650794 0.42857142857142855 0.873015873015873 0.40343915343915343 0.8501984126984127 0.3915343915343915 0.8353174603174603 0.39285714285714285