0 0.6825396825396826 0.24074074074074073 0.6845238095238095 0.25132275132275134 0.6974206349206349 0.2552910052910053 0.6984126984126984 0.25132275132275134
0 0.6607142857142857 0.2804232804232804 0.6607142857142857 0.2896825396825397 0.6884920634920635 0.32936507936507936 0.7162698412698413 0.38756613756613756 0.7182539682539683 0.38095238095238093 0.6984126984126984 0.3333333333333333
0 0.31547619047619047 0.42328042328042326 0.314484126984127 0.4298941798941799 0.32242063492063494 0.4298941798941799 0.3501984126984127 0.3915343915343915 0.36706349206349204 0.3664021164021164 0.373015873015873 0.33994708994708994
0 0.04365079365079365 0.24074074074074073 0.12400793650793651 0.3148148148148148 0.12003968253968254 0.3029100529100529 0.0873015873015873 0.2698412698412698 0.05555555555555555 0.24338624338624337
0 0.07837301587301587 0.24338624338624337 0.07242063492063493 0.2447089947089947 0.14682539682539683 0.29894179894179895 0.10813492063492064 0.2605820105820106
0 0.14682539682539683 0.13227513227513227 0.14682539682539683 0.1455026455026455 0.17857142857142858 0.1574074074074074 0.24305555555555555 0.17195767195767195 0.251984126984127 0.167989417989418 0.24801587301587302 0.16005291005291006 0.20535714285714285 0.15476190476190477
0 0.3898809523809524 0.16005291005291006 0.39186507936507936 0.1693121693121693 0.4087301587301587 0.18253968253968253 0.439484126984127 0.18783068783068782 0.4384920634920635 0.18121693121693122
1 0.3740079365079365 0.3373015873015873 0.37003968253968256 0.3584656084656085 0.3740079365079365 0.41534391534391535 0.3898809523809524 0.45634920634920634 0.4087301587301587 0.4708994708994709 0.42757936507936506 0.4708994708994709 0.4623015873015873 0.43915343915343913 0.48313492063492064 0.38756613756613756 0.4861111111111111 0.36904761904761907 0.48313492063492064 0.3373015873015873 0.45535714285714285 0.2857142857142857 0.4305555555555556 0.2724867724867725 0.40773809523809523 0.27645502645502645 0.38492063492063494 0.3002645502645503
1 0.2361111111111111 0.26851851851851855 0.23511904761904762 0.2830687830687831 0.24107142857142858 0.294973544973545 0.28273809523809523 0.32671957671957674 0.30952380952380953 0.32275132275132273 0.3244047619047619 0.30158730158730157 0.32837301587301587 0.2830687830687831 0.3194444444444444 0.25132275132275134 0.30654761904761907 0.23941798941798942 0.2986111111111111 0.23809523809523808 0.26091269841269843 0.24603174603174602
1 0.4781746031746032 0.40476190476190477 0.47619047619047616 0.4351851851851852 0.48412698412698413 0.4656084656084656 0.5009920634920635 0.49074074074074076 0.5208333333333334 0.5079365079365079 0.5347222222222222 0.5132275132275133 0.5555555555555556 0.5092592592592593 0.5853174603174603 0.47619047619047616 0.5912698412698413 0.4576719576719577 0.5932539682539683 0.42328042328042326 0.5813492063492064 0.37962962962962965 0.5694444444444444 0.3968253968253968 0.564484126984127 0.39814814814814814 0.5545634920634921 0.39021164021164023 0.5416666666666666 0.4074074074074074 0.5287698412698413 0.39814814814814814 0.5208333333333334 0.3994708994708995 0.5128968253968254 0.3835978835978836 0.5059523809523809 0.3835978835978836 0.5029761904761905 0.35978835978835977 0.49702380952380953 0.3584656084656085 0.4880952380952381 0.37037037037037035
1 0.6875 0.44047619047619047 0.7023809523809523 0.4947089947089947 0.7202380952380952 0.5264550264550265 0.7361111111111112 0.541005291005291 0.753968253968254 0.5370370370370371 0.7658730158730159 0.5119047619047619 0.7688492063492064 0.4828042328042328 0.7748015873015873 0.4656084656084656 0.7638888888888888 0.4246031746031746 0.7549603174603174 0.4126984126984127 0.7301587301587301 0.4074074074074074 0.7162698412698413 0.4113756613756614
1 0.7192460317460317 0.28174603174603174 0.7192460317460317 0.294973544973545 0.7341269841269841 0.32275132275132273 0.7658730158730159 0.3373015873015873 0.7916666666666666 0.32407407407407407 0.8263888888888888 0.2976190476190476 0.8373015873015873 0.2791005291005291 0.8382936507936508 0.2619047619047619 0.8353174603174603 0.25132275132275134 0.8154761904761905 0.23148148148148148 0.7857142857142857 0.21825396825396826 0.7678571428571429 0.21825396825396826 0.746031746031746 0.22883597883597884 0.7331349206349206 0.24338624338624337