0 0.19543650793650794 0.22354497354497355 0.19246031746031747 0.25793650793650796 0.1984126984126984 0.27645502645502645 0.20238095238095238 0.22354497354497355
0 0.3462301587301587 0.4246031746031746 0.34424603174603174 0.44576719576719576 0.3521825396825397 0.49603174603174605 0.375 0.5965608465608465 0.39087301587301587 0.6349206349206349 0.3968253968253968 0.6375661375661376 0.37202380952380953 0.533068783068783 0.3531746031746032 0.42857142857142855 0.3482142857142857 0.421957671957672
0 0.4503968253968254 0 0.43353174603174605 0.0013227513227513227 0.4573412698412698 0.03042328042328042 0.4791666666666667 0.06878306878306878 0.501984126984127 0.12962962962962962 0.5218253968253969 0.1984126984126984 0.5257936507936508 0.20634920634920634 0.5357142857142857 0.20634920634920634 0.5128968253968254 0.12433862433862433 0.49206349206349204 0.06878306878306878
0 0.42956349206349204 0 0.4176587301587302 0 0.4176587301587302 0.005291005291005291 0.44146825396825395 0.10185185185185185 0.4573412698412698 0.22354497354497355 0.46825396825396826 0.23412698412698413 0.45634920634920634 0.11772486772486772
0 0.12996031746031747 0.20502645502645503 0.12896825396825398 0.21031746031746032 0.13392857142857142 0.2156084656084656 0.1498015873015873 0.20899470899470898 0.1974206349206349 0.14947089947089948 0.22817460317460317 0.0873015873015873 0.2628968253968254 0 0.24801587301587302 0 0.2222222222222222 0.06481481481481481 0.17956349206349206 0.14682539682539683
0 0.3134920634920635 0.022486772486772486 0.29464285714285715 0.17592592592592593 0.2787698412698413 0.21296296296296297 0.28174603174603174 0.2552910052910053 0.2857142857142857 0.25925925925925924 0.2896825396825397 0.25793650793650796 0.2996031746031746 0.1931216931216931 0.314484126984127 0.20105820105820105 0.31646825396825395 0.21957671957671956 0.3253968253968254 0.21428571428571427 0.3353174603174603 0.23015873015873015 0.34325396825396826 0.23148148148148148 0.34226190476190477 0.14682539682539683 0.3482142857142857 0.05555555555555555 0.36507936507936506 0 0.33134920634920634 0 0.31746031746031744 0.006613756613756613
1 0.15178571428571427 0.3386243386243386 0.15376984126984128 0.3531746031746032 0.14583333333333334 0.3915343915343915 0.13095238095238096 0.41798941798941797 0.11904761904761904 0.41534391534391535 0.11805555555555555 0.42063492063492064 0.13293650793650794 0.5277777777777778 0.14781746031746032 0.548941798941799 0.1626984126984127 0.5529100529100529 0.18055555555555555 0.5462962962962963 0.1974206349206349 0.5291005291005291 0.1984126984126984 0.44047619047619047 0.20932539682539683 0.4074074074074074 0.1875 0.38492063492063494 0.17857142857142858 0.3637566137566138 0.18253968253968253 0.3505291005291005 0.1775793650793651 0.3412698412698413 0.16567460317460317 0.335978835978836
1 0.2003968253968254 0.43915343915343913 0.1984126984126984 0.5396825396825397 0.20734126984126985 0.5529100529100529 0.2261904761904762 0.5529100529100529 0.24107142857142858 0.5423280423280423 0.28869047619047616 0.4708994708994709 0.2906746031746032 0.4365079365079365 0.2857142857142857 0.4193121693121693 0.2718253968253968 0.3994708994708995 0.25396825396825395 0.3915343915343915 0.2390873015873016 0.39021164021164023 0.22321428571428573 0.39814814814814814 0.20833333333333334 0.41534391534391535
1 0.4017857142857143 0.3955026455026455 0.3998015873015873 0.43253968253968256 0.4107142857142857 0.5171957671957672 0.4176587301587302 0.5555555555555556 0.43452380952380953 0.6071428571428571 0.44246031746031744 0.6111111111111112 0.4662698412698413 0.593915343915344 0.4751984126984127 0.6058201058201058 0.4781746031746032 0.6256613756613757 0.503968253968254 0.6137566137566137 0.5228174603174603 0.5767195767195767 0.5376984126984127 0.5066137566137566 0.5406746031746031 0.48412698412698413 0.5376984126984127 0.4523809523809524 0.5396825396825397 0.41005291005291006 0.5357142857142857 0.40476190476190477 0.5248015873015873 0.42328042328042326 0.5128968253968254 0.4312169312169312 0.48412698412698413 0.4246031746031746 0.4781746031746032 0.41534391534391535 0.48412698412698413 0.376984126984127 0.4593253968253968 0.3584656084656085 0.4513888888888889 0.3439153439153439 0.44543650793650796 0.3412698412698413 0.43253968253968256 0.3478835978835979 0.43452380952380953 0.3664021164021164 0.4305555555555556 0.37566137566137564 0.40674603174603174 0.38492063492063494
1 0.5476190476190477 0.36243386243386244 0.5416666666666666 0.4074074074074074 0.5535714285714286 0.4444444444444444 0.628968253968254 0.5370370370370371 0.6517857142857143 0.5476190476190477 0.6696428571428571 0.5436507936507936 0.6815476190476191 0.5224867724867724 0.6825396825396826 0.48544973544973546 0.6656746031746031 0.42328042328042326 0.6617063492063492 0.3664021164021164 0.6478174603174603 0.32407407407407407 0.6259920634920635 0.3029100529100529 0.5783730158730159 0.30158730158730157 0.5634920634920635 0.3134920634920635
1 0.2728174603174603 0.49867724867724866 0.2757936507936508 0.5171957671957672 0.29662698412698413 0.5542328042328042 0.3244047619047619 0.5568783068783069 0.3382936507936508 0.5383597883597884 0.3462301587301587 0.5119047619047619 0.3492063492063492 0.4947089947089947 0.3472222222222222 0.4695767195767196 0.34424603174603174 0.4603174603174603 0.32242063492063494 0.4695767195767196 0.2926587301587302 0.4537037037037037 0.2896825396825397 0.4775132275132275
1 0.375 0.716931216931217 0.3740079365079365 0.7473544973544973 0.38591269841269843 0.7857142857142857 0.40773809523809523 0.8148148148148148 0.4166666666666667 0.8201058201058201 0.42658730158730157 0.8174603174603174 0.439484126984127 0.7857142857142857 0.44345238095238093 0.7447089947089947 0.44146825396825395 0.7208994708994709 0.41964285714285715 0.7103174603174603 0.4166666666666667 0.6931216931216931 0.4117063492063492 0.6891534391534392 0.3968253968253968 0.6984126984126984 0.38591269841269843 0.7142857142857143