0 0.2791666666666667 0.180859375 0.16527777777777777 0.0953125
0 0.20347222222222222 0.257421875 0.15138888888888888 0.0828125
0 0.16875 0.36484375 0.16944444444444445 0.090625
0 0.14166666666666666 0.469921875 0.16111111111111112 0.0640625
0 0.3701388888888889 0.2875 0.18611111111111112 0.1203125
0 0.5430555555555555 0.191796875 0.18611111111111112 0.09453125
0 0.8611111111111112 0.1671875 0.22361111111111112 0.11484375
0 0.5583333333333333 0.29921875 0.21666666666666667 0.08671875
0 0.8458333333333333 0.34609375 0.1986111111111111 0.1203125
0 0.7902777777777777 0.48984375 0.1625 0.10703125
0 0.6673611111111111 0.53984375 0.14583333333333334 0.13203125
0 0.9451388888888889 0.59296875 0.10972222222222222 0.134375
0 0.5930555555555556 0.74921875 0.1875 0.15859375
0 0.4166666666666667 0.451171875 0.3472222222222222 0.22421875