0 0.17430555555555555 0.151171875 0.2152777777777778 0.1140625
0 0.08819444444444445 0.24375 0.15416666666666667 0.08828125
0 0.0875 0.380078125 0.1736111111111111 0.11875
0 0.043055555555555555 0.508203125 0.08472222222222223 0.078125
0 0.29791666666666666 0.26953125 0.24027777777777778 0.159375
0 0.49236111111111114 0.144921875 0.24722222222222223 0.1015625
0 0.7527777777777778 0.12421875 0.21944444444444444 0.15
0 0.8875 0.305859375 0.225 0.1421875
0 0.5270833333333333 0.35625 0.15 0.0828125
0 0.86875 0.47890625 0.2111111111111111 0.13671875
0 0.7534722222222222 0.55625 0.12361111111111112 0.146875
0 0.6875 0.8234375 0.25555555555555554 0.165625