0 0.22708333333333333 0.26796875 0.18888888888888888 0.09375
0 0.14722222222222223 0.35390625 0.14722222222222223 0.078125
0 0.32569444444444445 0.381640625 0.19166666666666668 0.121875
0 0.5097222222222222 0.271875 0.2125 0.08203125
0 0.5534722222222223 0.340625 0.20277777777777778 0.07890625
0 0.12361111111111112 0.474609375 0.18333333333333332 0.1046875
0 0.09930555555555555 0.5859375 0.1486111111111111 0.08125
0 0.6625 0.9 0.2125 0.146875
0 0.9701388888888889 0.691796875 0.059722222222222225 0.1640625
0 0.84375 0.58203125 0.16527777777777777 0.13984375
0 0.8590277777777777 0.425 0.20277777777777778 0.1265625