0 0.301171875 0.6659722222222222 0.18046875 0.3402777777777778
0 0.113671875 0.5104166666666666 0.20078125 0.3763888888888889
0 0.13046875 0.23541666666666666 0.11953125 0.19305555555555556
0 0.293359375 0.2847222222222222 0.1875 0.25416666666666665
0 0.479296875 0.4152777777777778 0.184375 0.4083333333333333
0 0.083984375 0.08680555555555555 0.16796875 0.1736111111111111
0 0.232421875 0.043055555555555555 0.11953125 0.08611111111111111
0 0.49453125 0.1361111111111111 0.196875 0.2722222222222222
0 0.604296875 0.07291666666666667 0.146875 0.14583333333333334
0 0.708203125 0.2513888888888889 0.196875 0.3541666666666667
0 0.7890625 0.10555555555555556 0.16640625 0.20555555555555555
0 0.91328125 0.27291666666666664 0.14375 0.3402777777777778
0 0.814453125 0.5305555555555556 0.17265625 0.325
0 0.51640625 0.79375 0.2140625 0.3277777777777778