0 0.290625 0.4895833333333333 0.1453125 0.26944444444444443
0 0.31953125 0.8041666666666667 0.14140625 0.24305555555555555
0 0.419140625 0.9305555555555556 0.10078125 0.1388888888888889
0 0.51015625 0.8645833333333334 0.09140625 0.2708333333333333
0 0.416796875 0.6423611111111112 0.134375 0.3013888888888889
0 0.462890625 0.4722222222222222 0.16484375 0.2902777777777778
0 0.454296875 0.21319444444444444 0.13203125 0.25972222222222224
0 0.58359375 0.2826388888888889 0.128125 0.2763888888888889
0 0.408203125 0.03680555555555556 0.16484375 0.06805555555555555
0 0.209765625 0.12083333333333333 0.184375 0.2361111111111111
0 0.17421875 0.34444444444444444 0.13671875 0.23472222222222222